0.00002877
0.00000988
0.00000343
0.00000314
0.00000343
0.00000447
0.00000355
0.00000234
0.00000168
0.00000228
0.00000200
0.00000139
0.00000115
0.00000110
0.00000108
0.00000121
0.00000109
0.00000090
0.00000102
0.00000087
0.00000071
0.00000085
0.00000074
0.00000060
0.00000040
0.00000042
0.00000048
0.00000060
0.00000062
0.00000045
0.00000051
0.00000049
0.00000038
0.00000040
0.00000037
0.00000044
0.00000038
0.00000048
0.00000050
0.00000043
0.00000060
0.00000052
0.00000046
0.00000045
0.00000052
0.00000065
0.00000067
0.00000077
0.00000065
0.00000075
0.00000085
0.00000089
0.00000068
0.00000077
0.00000110
0.00000125
0.00000139
0.00000158
0.00000124
0.00000127
0.00000144
0.00000152
0.00000150
0.00000140
0.00000163
0.00000220
0.00000258
0.00000221
0.00000192
0.00000203
0.00000239
0.00000308
0.00000338
0.00000387
0.00000373
0.00000418
0.00000495
0.00000452
0.00000410
0.00000438
0.00000438
0.00000603
0.00000688
0.00000646
0.00000593
0.00000628
0.00000563
0.00000560
0.00000521
0.00000543
0.00000650
0.00000867
0.00001048
0.00000847
0.00000694
0.00000768
0.00000812
0.00000835
0.00000944
0.00000944
0.00001455
0.00001530
0.00001635
0.00001255
0.00001230
0.00001182
0.00001385
0.00001364
0.00001145
0.00001150
0.00001455
0.00002656
0.00002375
0.00001688
0.00001396
0.00001798
0.00001590
0.00002218
0.00002180
0.00001994
0.00002458
0.00003069
0.00003123
0.00002429
0.00002173
0.00001869
0.00002438
0.00003052
0.00003129
0.00002955
0.00003216
0.00003163
0.00003521
0.00002813
0.00002297
0.00003031
0.00004297
0.00003665
0.00004653
0.00004642
0.00004608
0.00004725
0.00004028
0.00003534
0.00002688
0.00003776
0.00005238
0.00006299
0.00005806
0.00005317
0.00005227
0.00006901
0.00005933
0.00005595
0.00005277
0.00005760
0.00007848
0.00023318
0.00024931
0.00009114
0.00008786
0.00008405
0.00007882
0.00008641
0.00009465
0.00007688
0.00011603
0.00014443
0.00014046
0.00012483
0.00010024
0.00007829
0.00014629
0.00016965
0.00015838
0.00017059
0.00023811
0.00024770
0.00021284
0.00026121
0.00020425
0.00019168
0.00027617
0.00030907
0.00030945
0.00037817
0.00036874
0.00042470
0.00042304
0.00038995
0.00029397
0.00045353
0.00065845
0.00068752
0.00068341
0.00069839
0.00070562
0.00083656
0.00093658
0.00061095
0.00080762
0.00084116
0.00095740
0.00142177
0.00167523
0.00098668
0.00101115
0.00105842
0.00103464
0.00076296
0.00059413
0.00086838
0.00083863
0.00099689
0.00081909
0.00065903
0.00042233
0.00049874
0.00046931
0.00040840
0.00031109
0.00022516
0.00035889
0.00042463
0.00030928
0.00023527
0.00020145
0.00019927
0.00021903
0.00022410
0.00023465
0.00017327
0.00020141
0.00023156
0.00016770
0.00011964
0.00013745
0.00012157
0.00013346
0.00015300
0.00013083
0.00011060
0.00012304
0.00009507
0.00007931
0.00005824
0.00005591
0.00006410
0.00007004
0.00008285
0.00006796
0.00005593
0.00005758
0.00005252
0.00004351
0.00004990
0.00004206
0.00005079
0.00006874
0.00005709
0.00005306
0.00004217
0.00003892
0.00003650
0.00003891
0.00003210
0.00002616
0.00002584
0.00003726
0.00004057
0.00003247
0.00002280
0.00001915
0.00001995
0.00002423
0.00002668
0.00002039
0.00002410
0.00002758
0.00003294
0.00002486
0.00001633
0.00001649
0.00001662
0.00002067
0.00001793
0.00001644
0.00001938
0.00001740
0.00001624
0.00001694
0.00001220
0.00000886
0.00001386
0.00001351
0.00001229
0.00001628
0.00001266
0.00001321
0.00001337
0.00000994
0.00000830
0.00000789
0.00001248
0.00001323
0.00001073
0.00001071
0.00000913
0.00001155
0.00001195
0.00000751
0.00000709
0.00000805
0.00000801
0.00001233
0.00002996
0.00001497
0.00000784
0.00000715
0.00000687
0.00000551
0.00000493
0.00000491
0.00000506
0.00000846
0.00000826
0.00000593
0.00000490
0.00000453
0.00000496
0.00000649
0.00000529
0.00000485
0.00000578
0.00000690
0.00000610
0.00000531
0.00000486
0.00000346
0.00000410
0.00000503
0.00000463
0.00000417
0.00000447
0.00000485
0.00000446
0.00000360
0.00000326
0.00000334
0.00000455
0.00000491
0.00000393
0.00000357
0.00000401
0.00000364
0.00000387
0.00000271
0.00000226
0.00000324
0.00000346
0.00000387
0.00000492
0.00000379
0.00000321
0.00000346
0.00000310
0.00000280
0.00000180
0.00000200
0.00000279
0.00000341
0.00000336
0.00000239
0.00000219
0.00000239
0.00000234
0.00000238
0.00000204
0.00000180
0.00000221
0.00000328
0.00000291
0.00000216
0.00000153
0.00000180
0.00000216
0.00000224
0.00000238
0.00000264
0.00000238
0.00000252
0.00000216
0.00000151
0.00000165
0.00000168
0.00000169
0.00000182
0.00000192
0.00000213
0.00000234
0.00000227
0.00000171
0.00000155
0.00000128
0.00000163
0.00000199
0.00000201
0.00000177
0.00000150
0.00000144
0.00000131
0.00000134
0.00000115
0.00000110
0.00000145
0.00000173
0.00000157
0.00000174
0.00000170
0.00000147
0.00000149
0.00000162
0.00000163
0.00000146
0.00000110
0.00000095
0.00000174
0.00000167
0.00000143
0.00000091
0.00000101
0.00000109
0.00000105
0.00000108
0.00000116
0.00000133
0.00000141
0.00000132
0.00000081
0.00000073
0.00000105
0.00000094
0.00000088
0.00000082
0.00000089
0.00000093
0.00000099
0.00000112
0.00000080
0.00000064
0.00000074
0.00000082
0.00000066
0.00000080
0.00000085
0.00000106
0.00000095
0.00000060
0.00000043
0.00000052
0.00000057
0.00000071
0.00000079
0.00000063
0.00000061
0.00000073
0.00000086
0.00000060
0.00000055
0.00000051
0.00000055
0.00000054
0.00000102
0.00000129
0.00000063
0.00000067
0.00000059
0.00000048
0.00000047
0.00000047
0.00000047
0.00000058
0.00000065
0.00000058
0.00000046
0.00000032
0.00000037
0.00000045
0.00000053
0.00000045
0.00000046
0.00000049
0.00000056
0.00000062
0.00000049
0.00000044
0.00000040
0.00000044
0.00000039
0.00000046
0.00000047
0.00000038
0.00000045
0.00000037
0.00000027
0.00000027
0.00000036
0.00000043
0.00000043
0.00000041
0.00000034
0.00000041
0.00000053
0.00000044
0.00000025
0.00000039
0.00000041
0.00000039
0.00000044
0.00000051
0.00000044
0.00000046
0.00000045
0.00000036
0.00000028
0.00000033
0.00000049
0.00000042
0.00000036
0.00000023
0.00000031
0.00000028
0.00000033
0.00000027
0.00000029
0.00000029
0.00000029
0.00000036
0.00000037
0.00000026
0.00000024
0.00000025
0.00000026
0.00000034
0.00000031
0.00000039
0.00000038
0.00000030
0.00000034
0.00000028
0.00000024
0.00000025
0.00000022
0.00000029
0.00000033
0.00000029
0.00000025
0.00000031
0.00000025
0.00000024
0.00000024
0.00000021
0.00000019
0.00000020
0.00000025
0.00000028
0.00000030
0.00000026
0.00000019
0.00000017
0.00000020
0.00000022
0.00000024
0.00000030
0.00000027
0.00000027
0.00000018
0.00000032
0.00000031
0.00000021
0.00000021
0.00000022
0.00000026
0.00000036
0.00000038
0.00000026
0.00000022
0.00000022
0.00000025
0.00000021
0.00000019
0.00000026
0.00000026
0.00000021
0.00000019
0.00000027
0.00000025
0.00000027
0.00000020
0.00000026
0.00000021
0.00000017
0.00000022
0.00000018
0.00000020
0.00000020
0.00000020
0.00000018
0.00000018
0.00000017
0.00000019
0.00000021
0.00000017
0.00000021
0.00000016
0.00000015
0.00000013
0.00000012
0.00000015
0.00000019
0.00000017
0.00000017
0.00000014
0.00000015
0.00000014
0.00000013
0.00000017
0.00000021
0.00000018
0.00000018
0.00000025
0.00000019
0.00000014
0.00000018
0.00000020
0.00000015
0.00000018
0.00000018
0.00000018
0.00000020
0.00000022
0.00000014
0.00000012
0.00000014
0.00000017
0.00000019
0.00000017
0.00000014
0.00000020
0.00000017
0.00000014
0.00000019
0.00000016
0.00000015
0.00000020
0.00000020
0.00000017
0.00000020
0.00000018
0.00000016
0.00000018
0.00000014
0.00000012
0.00000013
0.00000014
0.00000012
0.00000011
0.00000013
0.00000013
0.00000016
0.00000016
0.00000012
0.00000011
0.00000010
0.00000014
0.00000013
0.00000014
0.00000012
0.00000013
0.00000012
0.00000011
0.00000012
0.00000013
0.00000012
0.00000008
0.00000010
0.00000014
0.00000013
0.00000009
0.00000008
0.00000009
0.00000010
0.00000013
0.00000014
0.00000011
0.00000012
0.00000011
0.00000011
0.00000006
0.00000008
0.00000009
0.00000008
0.00000012
0.00000013
0.00000015
0.00000011
0.00000013
0.00000014
0.00000012
0.00000012
0.00000013
0.00000015
0.00000015
0.00000013
0.00000012
0.00000014
0.00000014
0.00000012
0.00000013
0.00000010
0.00000010
0.00000011
0.00000009
0.00000008
0.00000010
0.00000010
0.00000010
0.00000010
0.00000008
0.00000010
0.00000010
0.00000011
0.00000011
0.00000009
0.00000008
0.00000005
0.00000006
0.00000008
0.00000010
0.00000008
0.00000010
0.00000012
0.00000010
0.00000010
0.00000009
0.00000011
0.00000012
0.00000010
0.00000009
0.00000009
0.00000015
0.00000014
0.00000012
0.00000008
0.00000010
0.00000010
0.00000011
0.00000009
0.00000010
0.00000012
0.00000007
0.00000007
0.00000009
0.00000010
0.00000011
0.00000014
0.00000014
0.00000010
0.00000008
0.00000007
0.00000010
0.00000010
0.00000010
0.00000013
0.00000010
0.00000009
0.00000011
0.00000008
0.00000009
0.00000010
0.00000011
0.00000013
0.00000013
0.00000010
0.00000007
0.00000009
0.00000013
0.00000014
0.00000015
0.00000013
0.00000014
0.00000012
0.00000013
0.00000012
0.00000017
0.00000018
0.00000014
0.00000012
0.00000013
0.00000014
0.00000015
0.00000016
0.00000012
0.00000014
0.00000014
0.00000014
0.00000011
0.00000012
0.00000014
0.00000010
0.00000008
0.00000011
0.00000013
0.00000010
0.00000012
0.00000010
0.00000012
0.00000013
0.00000014
0.00000012
0.00000013
0.00000013
0.00000013
0.00000008
0.00000011
0.00000014
0.00000013
0.00000011
0.00000012
0.00000014
0.00000012
0.00000011
0.00000013
0.00000012
0.00000011
0.00000012
0.00000011
0.00000011
0.00000013
0.00000015
0.00000012
0.00000008
0.00000012
0.00000012
0.00000011
0.00000012
0.00000016
0.00000014
0.00000014
0.00000013
0.00000012
0.00000013
0.00000010
0.00000010
0.00000011
0.00000011
0.00000011
0.00000010
0.00000012
0.00000011
0.00000009
0.00000011
0.00000010
0.00000007
0.00000007
0.00000005
0.00000006
0.00000007
0.00000008
0.00000009
0.00000009
0.00000010
0.00000010
0.00000009
0.00000010
0.00000009
0.00000008
0.00000007
0.00000010
0.00000010
0.00000011
0.00000011
0.00000008
0.00000010
0.00000008
0.00000008
0.00000008
0.00000012
0.00000012
0.00000012
0.00000010
0.00000014
0.00000013
0.00000009
0.00000008
0.00000009
0.00000008
0.00000011
0.00000011
0.00000010
0.00000011
0.00000011
0.00000010
0.00000010
0.00000009
0.00000009
0.00000007
0.00000009
0.00000011
0.00000007
0.00000009
0.00000009
0.00000007
0.00000006
0.00000008
0.00000009
0.00000010
0.00000010
0.00000009
0.00000008
0.00000007
0.00000008
0.00000009
0.00000011
0.00000009
0.00000009
0.00000009
0.00000013
0.00000013
0.00000011
0.00000009
0.00000008
0.00000011
0.00000014
0.00000010
0.00000010
0.00000008
0.00000012
0.00000015
0.00000010
0.00000009
0.00000008
0.00000009
0.00000010
0.00000012
0.00000015
0.00000012
0.00000009
0.00000010
0.00000014
0.00000011
0.00000008
0.00000007
0.00000008
0.00000011
0.00000014
0.00000011
0.00000010
0.00000011
0.00000009
0.00000009
0.00000011
0.00000012
0.00000009
0.00000010
0.00000012
0.00000013
0.00000012
0.00000008
0.00000008
0.00000009
0.00000012
0.00000012
0.00000012
0.00000015
0.00000016
0.00000014
0.00000011
0.00000011
0.00000016
0.00000013
0.00000011
0.00000012
0.00000015
0.00000019
0.00000018
0.00000011
0.00000012
0.00000018
0.00000017
0.00000016
0.00000016
0.00000016
0.00000013
0.00000014
0.00000019
0.00000017
0.00000016
0.00000009
0.00000011
0.00000011
0.00000013
0.00000014
0.00000014
0.00000014
0.00000012
0.00000008
0.00000013
0.00000012
0.00000011
0.00000011
0.00000009
0.00000013
0.00000013
0.00000010
0.00000009
0.00000010
0.00000009
0.00000010
0.00000013
0.00000014
0.00000014
0.00000010
0.00000010
0.00000009
