0.00000001
0.00000001
0.00000001
0.00000001
0.00000001
0.00000003
0.00000004
0.00000007
0.00000009
0.00000015
0.00000020
0.00000033
0.00000050
0.00000064
0.00000097
0.00000100
0.00000145
0.00000177
0.00000268
0.00000347
0.00000390
0.00000502
0.00000473
0.00000673
0.00000677
0.00001062
0.00001146
0.00001171
0.00001627
0.00001518
0.00002213
0.00002038
0.00002465
0.00002580
0.00003073
0.00003808
0.00003349
0.00004820
0.00005198
0.00010798
0.00010369
0.00008190
0.00010548
0.00011620
0.00018549
0.00019991
0.00029524
0.00035304
0.00049692
0.00067241
0.00077468
0.00111194
0.00082620
0.00076059
0.00052305
0.00031107
0.00025964
0.00018785
0.00018252
0.00012477
0.00011400
0.00007352
0.00005643
0.00004994
0.00004517
0.00004651
0.00003037
0.00002899
0.00002132
0.00002134
0.00002022
0.00001511
0.00001529
0.00001081
0.00001177
0.00000891
0.00000929
0.00000886
0.00000921
0.00001173
0.00000533
0.00000523
0.00000455
0.00000500
0.00000445
0.00000361
0.00000370
0.00000310
0.00000339
0.00000284
0.00000321
0.00000279
0.00000223
0.00000215
0.00000176
0.00000201
0.00000166
0.00000177
0.00000151
0.00000148
0.00000141
0.00000106
0.00000126
0.00000104
0.00000123
0.00000093
0.00000082
0.00000090
0.00000076
0.00000089
0.00000062
0.00000068
0.00000053
0.00000055
0.00000053
0.00000049
0.00000058
0.00000053
0.00000069
0.00000047
0.00000037
0.00000036
0.00000034
0.00000036
0.00000031
0.00000034
0.00000026
0.00000027
0.00000025
0.00000026
0.00000028
0.00000019
0.00000020
0.00000017
0.00000017
0.00000017
0.00000016
0.00000017
0.00000013
0.00000016
0.00000012
0.00000014
0.00000013
0.00000013
0.00000012
0.00000009
0.00000011
0.00000009
0.00000012
0.00000010
0.00000010
0.00000010
0.00000008
0.00000010
0.00000008
0.00000009
0.00000008
0.00000007
0.00000007
0.00000005
0.00000007
0.00000005
0.00000006
0.00000005
0.00000004
0.00000004
0.00000003
0.00000004
0.00000003
0.00000004
0.00000003
0.00000002
0.00000002
0.00000002
0.00000002
0.00000002
0.00000002
0.00000002
0.00000002
0.00000002
0.00000002
0.00000002
0.00000001
0.00000001
0.00000001
0.00000002
0.00000002
0.00000002
0.00000002
0.00000002
0.00000002
0.00000002
0.00000001
0.00000002
0.00000001
0.00000001
0.00000001
0.00000001
0.00000001
0.00000001
0.00000001
0.00000001
0.00000001
0.00000001
0.00000001
0.00000001
0.00000001
0.00000001
0.00000001
0.00000001
0.00000001
0.00000001
0.00000001
0.00000001
0.00000001
0.00000001
0.00000001
0.00000001
0.00000001
0.00000001
0.00000001
0.00000001
0.00000001
0.00000001
0.00000001
0.00000001
0.00000001
0.00000001
0.00000001
0.00000001
0.00000001
0.00000001
0.00000001
0.00000001
0.00000001
0.00000001
0.00000001
0.00000001
0.00000001
0.00000001
0.00000001
0.00000001
0.00000001
0.00000001
0.00000001
0.00000001
0.00000001
0.00000001
0.00000001
0.00000001
0.00000001
0.00000001
0.00000001
0.00000001
0.00000001
0.00000001
0.00000001
