0.00000001
0.00000001
0.00000001
0.00000001
0.00000001
0.00000001
0.00000001
0.00000001
0.00000001
0.00000002
0.00000002
0.00000003
0.00000004
0.00000006
0.00000006
0.00000008
0.00000009
0.00000013
0.00000014
0.00000018
0.00000024
0.00000024
0.00000033
0.00000052
0.00000048
0.00000058
0.00000066
0.00000079
0.00000098
0.00000112
0.00000132
0.00000114
0.00000140
0.00000196
0.00000182
0.00000218
0.00000276
0.00000316
0.00000390
0.00000382
0.00000444
0.00000506
0.00000500
0.00000516
0.00000490
0.00000629
0.00000797
0.00000634
0.00000755
0.00000973
0.00001193
0.00001206
0.00001135
0.00001227
0.00001160
0.00001500
0.00001968
0.00001540
0.00001759
0.00002115
0.00002301
0.00002370
0.00002203
0.00002262
0.00002630
0.00002602
0.00002907
0.00002524
0.00003626
0.00004079
0.00004082
0.00003803
0.00003480
0.00004735
0.00004987
0.00005399
0.00006060
0.00005072
0.00011093
0.00017815
0.00009065
0.00007993
0.00008962
0.00010514
0.00012048
0.00010374
0.00013382
0.00014136
0.00019037
0.00022657
0.00021335
0.00023795
0.00031131
0.00034081
0.00038611
0.00037605
0.00057265
0.00058747
0.00071793
0.00083238
0.00078297
0.00094685
0.00125622
0.00095070
0.00088425
0.00075567
0.00080635
0.00069274
0.00055377
0.00048141
0.00030641
0.00029645
0.00029098
0.00021828
0.00020384
0.00019452
0.00018117
0.00016432
0.00013437
0.00014008
0.00012156
0.00010120
0.00007932
0.00005997
0.00006602
0.00006315
0.00005038
0.00004690
0.00005169
0.00005614
0.00004463
0.00003861
0.00003687
0.00002767
0.00003217
0.00003063
0.00002171
0.00002225
0.00002279
0.00002476
0.00002135
0.00001671
0.00001748
0.00001574
0.00001633
0.00001420
0.00001104
0.00001238
0.00001280
0.00001181
0.00001030
0.00000912
0.00001135
0.00000863
0.00001025
0.00000865
0.00000722
0.00001388
0.00001586
0.00000734
0.00000567
0.00000477
0.00000635
0.00000537
0.00000467
0.00000524
0.00000471
0.00000533
0.00000524
0.00000407
0.00000397
0.00000386
0.00000400
0.00000339
0.00000343
0.00000392
0.00000329
0.00000369
0.00000333
0.00000306
0.00000347
0.00000362
0.00000294
0.00000232
0.00000223
0.00000264
0.00000215
0.00000213
0.00000234
0.00000181
0.00000223
0.00000197
0.00000179
0.00000180
0.00000178
0.00000181
0.00000160
0.00000151
0.00000180
0.00000162
0.00000152
0.00000126
0.00000117
0.00000138
0.00000137
0.00000117
0.00000104
0.00000134
0.00000139
0.00000108
0.00000101
0.00000095
0.00000082
0.00000107
0.00000102
0.00000087
0.00000081
0.00000085
0.00000102
0.00000071
0.00000073
0.00000069
0.00000068
0.00000068
0.00000059
0.00000050
0.00000063
0.00000063
0.00000062
0.00000045
0.00000057
0.00000064
0.00000055
0.00000060
0.00000054
0.00000044
0.00000088
0.00000074
0.00000050
0.00000035
0.00000038
0.00000045
0.00000036
0.00000034
0.00000038
0.00000033
0.00000039
0.00000037
0.00000033
0.00000035
0.00000037
0.00000032
0.00000027
0.00000030
0.00000032
0.00000025
0.00000031
0.00000027
0.00000029
0.00000030
0.00000030
0.00000027
0.00000019
0.00000021
0.00000025
0.00000020
0.00000021
0.00000020
0.00000016
0.00000021
0.00000018
0.00000018
0.00000019
0.00000019
0.00000019
0.00000016
0.00000016
0.00000017
0.00000017
0.00000016
0.00000012
0.00000014
0.00000017
0.00000017
0.00000013
0.00000012
0.00000015
0.00000015
0.00000012
0.00000012
0.00000011
0.00000011
0.00000013
0.00000011
0.00000011
0.00000011
0.00000013
0.00000014
0.00000011
0.00000012
0.00000012
0.00000012
0.00000012
0.00000010
0.00000010
0.00000011
0.00000012
0.00000010
0.00000009
0.00000010
0.00000010
0.00000009
0.00000009
0.00000008
0.00000008
0.00000009
0.00000009
0.00000007
0.00000005
0.00000006
0.00000008
0.00000006
0.00000006
0.00000006
0.00000006
0.00000006
0.00000006
0.00000005
0.00000005
0.00000005
0.00000005
0.00000004
0.00000004
0.00000004
0.00000004
0.00000004
0.00000003
0.00000003
0.00000004
0.00000004
0.00000003
0.00000002
0.00000003
0.00000003
0.00000002
0.00000002
0.00000002
0.00000002
0.00000002
0.00000002
0.00000002
0.00000003
0.00000003
0.00000002
0.00000002
0.00000002
0.00000002
0.00000003
0.00000002
0.00000002
0.00000002
0.00000002
0.00000002
0.00000001
0.00000002
0.00000002
0.00000002
0.00000002
0.00000001
0.00000001
0.00000002
0.00000002
0.00000002
0.00000002
0.00000002
0.00000002
0.00000002
0.00000001
0.00000002
0.00000002
0.00000002
0.00000002
0.00000002
0.00000002
0.00000002
0.00000002
0.00000002
0.00000002
0.00000001
0.00000001
0.00000001
0.00000001
0.00000001
0.00000001
0.00000001
0.00000001
0.00000001
0.00000001
0.00000001
0.00000001
0.00000001
0.00000001
0.00000001
0.00000001
0.00000001
0.00000001
0.00000001
0.00000001
0.00000001
0.00000001
0.00000001
0.00000001
0.00000001
0.00000001
0.00000001
0.00000001
0.00000001
0.00000001
0.00000001
0.00000001
0.00000001
0.00000001
0.00000001
0.00000001
0.00000001
0.00000001
0.00000001
0.00000001
0.00000001
0.00000001
0.00000001
0.00000001
0.00000001
0.00000001
0.00000001
0.00000001
0.00000001
0.00000001
0.00000001
0.00000001
0.00000001
0.00000001
0.00000001
0.00000001
0.00000001
0.00000001
0.00000001
0.00000001
0.00000001
0.00000001
0.00000001
0.00000001
0.00000001
0.00000001
0.00000001
0.00000001
0.00000001
0.00000001
0.00000001
0.00000001
0.00000001
0.00000001
0.00000001
0.00000001
0.00000001
0.00000001
0.00000001
0.00000001
0.00000001
0.00000001
0.00000001
0.00000001
0.00000001
0.00000001
0.00000001
0.00000001
0.00000001
0.00000001
0.00000001
0.00000001
0.00000001
0.00000001
0.00000001
0.00000001
0.00000001
0.00000001
0.00000001
0.00000001
0.00000001
0.00000001
0.00000001
0.00000001
0.00000001
0.00000001
0.00000001
0.00000001
0.00000001
0.00000001
0.00000001
0.00000001
0.00000001
0.00000001
0.00000001
0.00000001
0.00000001
0.00000001
0.00000001
0.00000001
0.00000001
0.00000001
0.00000001
0.00000001
0.00000001
