0.00000001
0.00000001
0.00000001
0.00000001
0.00000001
0.00000001
0.00000001
0.00000001
0.00000001
0.00000001
0.00000001
0.00000001
0.00000001
0.00000001
0.00000001
0.00000001
0.00000001
0.00000002
0.00000002
0.00000003
0.00000002
0.00000003
0.00000004
0.00000003
0.00000004
0.00000005
0.00000006
0.00000006
0.00000007
0.00000008
0.00000009
0.00000009
0.00000008
0.00000010
0.00000014
0.00000015
0.00000017
0.00000015
0.00000019
0.00000018
0.00000029
0.00000024
0.00000019
0.00000022
0.00000031
0.00000048
0.00000062
0.00000052
0.00000046
0.00000055
0.00000059
0.00000073
0.00000059
0.00000059
0.00000085
0.00000112
0.00000114
0.00000131
0.00000099
0.00000101
0.00000137
0.00000132
0.00000120
0.00000105
0.00000143
0.00000211
0.00000250
0.00000197
0.00000171
0.00000171
0.00000228
0.00000273
0.00000297
0.00000331
0.00000317
0.00000419
0.00000473
0.00000385
0.00000352
0.00000411
0.00000409
0.00000507
0.00000598
0.00000587
0.00000557
0.00000605
0.00000556
0.00000506
0.00000465
0.00000521
0.00000613
0.00000822
0.00000999
0.00000792
0.00000616
0.00000741
0.00000831
0.00000813
0.00000910
0.00000888
0.00001350
0.00001454
0.00001620
0.00001260
0.00001191
0.00001090
0.00001277
0.00001303
0.00001128
0.00001157
0.00001407
0.00002556
0.00002323
0.00001671
0.00001378
0.00001751
0.00001595
0.00002211
0.00002145
0.00002009
0.00002402
0.00002939
0.00003009
0.00002367
0.00002207
0.00001863
0.00002345
0.00002900
0.00003050
0.00002911
0.00003155
0.00003106
0.00003466
0.00002727
0.00002287
0.00003031
0.00004316
0.00003696
0.00004743
0.00004635
0.00004537
0.00004714
0.00004053
0.00003569
0.00002674
0.00003762
0.00005154
0.00006188
0.00005817
0.00005379
0.00005204
0.00006901
0.00005984
0.00005575
0.00005423
0.00005915
0.00007863
0.00023223
0.00024778
0.00009074
0.00008842
0.00008567
0.00007859
0.00008671
0.00009600
0.00007726
0.00011620
0.00014523
0.00014038
0.00012538
0.00010009
0.00007866
0.00014719
0.00017361
0.00015846
0.00017006
0.00024133
0.00025165
0.00021439
0.00026339
0.00020628
0.00019228
0.00027474
0.00030740
0.00031215
0.00038299
0.00037206
0.00042806
0.00042087
0.00038714
0.00029755
0.00045616
0.00066268
0.00068830
0.00068051
0.00069631
0.00070757
0.00084261
0.00094397
0.00061425
0.00080619
0.00084392
0.00096432
0.00142674
0.00168320
0.00099150
0.00102016
0.00106134
0.00103628
0.00076162
0.00059185
0.00087274
0.00084368
0.00100168
0.00082421
0.00066411
0.00042536
0.00050303
0.00047030
0.00041395
0.00031328
0.00022565
0.00036055
0.00043122
0.00031139
0.00023561
0.00020362
0.00020103
0.00022162
0.00022715
0.00023680
0.00017447
0.00020295
0.00023283
0.00016846
0.00012192
0.00014151
0.00012319
0.00013558
0.00015491
0.00013149
0.00011211
0.00012543
0.00009658
0.00007937
0.00005868
0.00005655
0.00006414
0.00006915
0.00008149
0.00006821
0.00005742
0.00005800
0.00005279
0.00004435
0.00005127
0.00004308
0.00005104
0.00006906
0.00005725
0.00005206
0.00004209
0.00003903
0.00003727
0.00003894
0.00003218
0.00002682
0.00002702
0.00003811
0.00004200
0.00003310
0.00002308
0.00001919
0.00002006
0.00002401
0.00002642
0.00002014
0.00002372
0.00002724
0.00003275
0.00002450
0.00001595
0.00001612
0.00001649
0.00002015
0.00001732
0.00001683
0.00001995
0.00001764
0.00001628
0.00001665
0.00001146
0.00000903
0.00001406
0.00001354
0.00001221
0.00001607
0.00001282
0.00001319
0.00001330
0.00000996
0.00000794
0.00000762
0.00001176
0.00001295
0.00001076
0.00001023
0.00000874
0.00001115
0.00001154
0.00000758
0.00000717
0.00000774
0.00000777
0.00001223
0.00002938
0.00001469
0.00000772
0.00000743
0.00000698
0.00000531
0.00000496
0.00000455
0.00000501
0.00000791
0.00000785
0.00000568
0.00000450
0.00000424
0.00000459
0.00000638
0.00000539
0.00000481
0.00000574
0.00000674
0.00000570
0.00000532
0.00000486
0.00000355
0.00000390
0.00000462
0.00000444
0.00000404
0.00000423
0.00000480
0.00000433
0.00000327
0.00000293
0.00000307
0.00000410
0.00000444
0.00000385
0.00000342
0.00000388
0.00000375
0.00000409
0.00000278
0.00000248
0.00000337
0.00000334
0.00000380
0.00000486
0.00000389
0.00000305
0.00000332
0.00000287
0.00000258
0.00000175
0.00000206
0.00000270
0.00000318
0.00000313
0.00000232
0.00000210
0.00000199
0.00000213
0.00000230
0.00000224
0.00000161
0.00000194
0.00000312
0.00000265
0.00000202
0.00000174
0.00000160
0.00000207
0.00000202
0.00000196
0.00000198
0.00000196
0.00000222
0.00000206
0.00000163
0.00000148
0.00000139
0.00000166
0.00000199
0.00000185
0.00000168
0.00000192
0.00000186
0.00000138
0.00000121
0.00000101
0.00000123
0.00000133
0.00000157
0.00000168
0.00000143
0.00000129
0.00000130
0.00000139
0.00000098
0.00000097
0.00000129
0.00000171
0.00000148
0.00000136
0.00000122
0.00000110
0.00000104
0.00000099
0.00000092
0.00000082
0.00000071
0.00000091
0.00000137
0.00000121
0.00000099
0.00000084
0.00000093
0.00000084
0.00000088
0.00000088
0.00000082
0.00000095
0.00000128
0.00000114
0.00000058
0.00000061
0.00000075
0.00000078
0.00000074
0.00000067
0.00000077
0.00000086
0.00000075
0.00000072
0.00000059
0.00000041
0.00000045
0.00000072
0.00000067
0.00000068
0.00000065
0.00000074
0.00000067
0.00000053
0.00000038
0.00000041
0.00000058
0.00000075
0.00000074
0.00000063
0.00000060
0.00000060
0.00000072
0.00000057
0.00000049
0.00000048
0.00000045
0.00000053
0.00000112
0.00000126
0.00000052
0.00000054
0.00000051
0.00000042
0.00000034
0.00000033
0.00000036
0.00000047
0.00000055
0.00000047
0.00000038
0.00000028
0.00000029
0.00000041
0.00000046
0.00000030
0.00000035
0.00000048
0.00000042
0.00000039
0.00000039
0.00000033
0.00000027
0.00000042
0.00000037
0.00000035
0.00000042
0.00000036
0.00000037
0.00000031
0.00000025
0.00000024
0.00000031
0.00000037
0.00000034
0.00000032
0.00000029
0.00000029
0.00000036
0.00000032
0.00000020
0.00000025
0.00000033
0.00000030
0.00000033
0.00000038
0.00000029
0.00000032
0.00000033
0.00000026
0.00000015
0.00000013
0.00000023
0.00000026
0.00000029
0.00000024
0.00000020
0.00000019
0.00000021
0.00000019
0.00000019
0.00000017
0.00000012
0.00000021
0.00000030
0.00000023
0.00000016
0.00000016
0.00000018
0.00000020
0.00000018
0.00000023
0.00000018
0.00000021
0.00000023
0.00000018
0.00000014
0.00000014
0.00000014
0.00000015
0.00000019
0.00000018
0.00000019
0.00000022
0.00000017
0.00000013
0.00000010
0.00000011
0.00000013
0.00000016
0.00000020
0.00000019
0.00000018
0.00000017
0.00000013
0.00000011
0.00000011
0.00000012
0.00000015
0.00000018
0.00000016
0.00000014
0.00000012
0.00000014
0.00000012
0.00000009
0.00000010
0.00000011
0.00000011
0.00000016
0.00000016
0.00000013
0.00000011
0.00000011
0.00000012
0.00000011
0.00000012
0.00000013
0.00000013
0.00000016
0.00000018
0.00000013
0.00000010
0.00000011
0.00000011
0.00000014
0.00000013
0.00000012
0.00000015
0.00000014
0.00000013
0.00000012
0.00000009
0.00000008
0.00000010
0.00000012
0.00000014
0.00000014
0.00000014
0.00000013
0.00000011
0.00000010
0.00000008
0.00000008
0.00000012
0.00000013
0.00000011
0.00000011
0.00000011
0.00000012
0.00000010
0.00000007
0.00000007
0.00000008
0.00000008
0.00000010
0.00000012
0.00000009
0.00000009
0.00000009
0.00000008
0.00000005
0.00000005
0.00000006
0.00000007
0.00000009
0.00000010
0.00000008
0.00000007
0.00000006
0.00000006
0.00000007
0.00000006
0.00000006
0.00000009
0.00000007
0.00000007
0.00000007
0.00000006
0.00000004
0.00000005
0.00000005
0.00000005
0.00000006
0.00000005
0.00000006
0.00000006
0.00000004
0.00000004
0.00000004
0.00000004
0.00000004
0.00000004
0.00000005
0.00000004
0.00000005
0.00000004
0.00000002
0.00000003
0.00000004
0.00000004
0.00000003
0.00000005
0.00000004
0.00000004
0.00000004
0.00000003
0.00000002
0.00000002
0.00000002
0.00000003
0.00000003
0.00000003
0.00000002
0.00000002
0.00000002
0.00000001
0.00000002
0.00000002
0.00000002
0.00000002
0.00000003
0.00000002
0.00000002
0.00000002
0.00000002
0.00000003
0.00000003
0.00000003
0.00000003
0.00000003
0.00000003
0.00000002
0.00000002
0.00000002
0.00000002
0.00000002
0.00000002
0.00000003
0.00000002
0.00000003
0.00000003
0.00000002
0.00000002
0.00000002
0.00000003
0.00000002
0.00000002
0.00000002
0.00000002
0.00000002
0.00000001
0.00000001
0.00000001
0.00000001
0.00000002
0.00000002
0.00000001
0.00000001
0.00000002
0.00000001
0.00000002
0.00000001
0.00000001
0.00000001
0.00000001
0.00000002
0.00000002
0.00000002
0.00000001
0.00000001
0.00000002
0.00000002
0.00000002
0.00000002
0.00000002
0.00000002
0.00000002
0.00000002
0.00000001
0.00000001
0.00000002
0.00000002
0.00000003
0.00000002
0.00000002
0.00000002
0.00000002
0.00000002
0.00000002
0.00000002
0.00000002
0.00000002
0.00000002
0.00000002
0.00000002
0.00000002
0.00000002
0.00000002
0.00000001
0.00000002
0.00000002
0.00000001
0.00000001
0.00000001
0.00000001
0.00000001
0.00000001
0.00000002
0.00000001
0.00000001
0.00000001
0.00000001
0.00000001
0.00000001
0.00000001
0.00000001
0.00000001
0.00000001
0.00000001
0.00000001
0.00000001
0.00000001
0.00000001
0.00000001
0.00000001
0.00000001
0.00000001
0.00000001
0.00000001
0.00000001
0.00000001
0.00000001
0.00000001
0.00000001
0.00000001
0.00000001
0.00000001
0.00000001
0.00000001
0.00000001
0.00000001
0.00000001
0.00000001
0.00000001
0.00000001
0.00000001
0.00000001
0.00000001
0.00000001
0.00000001
0.00000001
0.00000001
0.00000001
0.00000001
0.00000001
0.00000001
0.00000001
0.00000001
0.00000001
0.00000001
0.00000001
0.00000001
0.00000001
0.00000001
0.00000001
0.00000001
0.00000001
0.00000001
0.00000001
0.00000001
0.00000001
0.00000001
0.00000001
0.00000001
0.00000001
0.00000001
0.00000001
0.00000001
0.00000001
0.00000001
0.00000001
0.00000001
0.00000000
0.00000001
0.00000001
0.00000001
0.00000001
0.00000001
0.00000001
0.00000000
0.00000001
0.00000001
0.00000001
0.00000001
0.00000001
0.00000001
0.00000001
0.00000001
0.00000001
0.00000001
0.00000001
0.00000001
0.00000001
0.00000001
0.00000001
0.00000001
0.00000001
0.00000001
0.00000001
0.00000001
0.00000001
0.00000001
0.00000001
0.00000001
0.00000000
0.00000001
0.00000001
0.00000001
0.00000001
0.00000001
0.00000001
0.00000001
0.00000001
0.00000001
0.00000001
0.00000001
0.00000001
0.00000001
0.00000001
0.00000001
0.00000001
0.00000001
0.00000001
0.00000001
0.00000001
0.00000001
0.00000001
0.00000001
0.00000001
0.00000001
0.00000001
0.00000001
0.00000001
0.00000001
0.00000001
0.00000002
0.00000001
0.00000001
0.00000001
0.00000001
0.00000001
0.00000001
0.00000001
0.00000002
0.00000002
0.00000001
0.00000001
0.00000001
0.00000001
0.00000001
0.00000001
0.00000001
0.00000002
0.00000001
0.00000001
0.00000001
0.00000001
0.00000001
0.00000001
0.00000001
0.00000001
0.00000001
0.00000001
0.00000001
0.00000001
0.00000001
0.00000001
0.00000001
0.00000001
0.00000001
0.00000001
0.00000001
0.00000001
0.00000001
0.00000001
0.00000001
0.00000001
0.00000001
0.00000001
0.00000001
0.00000001
0.00000001
0.00000001
0.00000001
0.00000001
0.00000001
0.00000001
0.00000001
0.00000001
0.00000001
0.00000001
0.00000001
0.00000001
0.00000001
0.00000001
0.00000001
0.00000001
0.00000001
0.00000001
0.00000001
0.00000001
0.00000001
0.00000001
0.00000001
0.00000001
0.00000001
0.00000001
0.00000001
0.00000001
0.00000001
0.00000001
0.00000001
0.00000001
0.00000001
0.00000001
0.00000001
0.00000001
0.00000001
0.00000001
0.00000001
0.00000001
0.00000001
0.00000001
0.00000001
0.00000001
0.00000001
0.00000001
0.00000001
0.00000001
0.00000001
0.00000001
0.00000001
0.00000001
0.00000001
0.00000001
0.00000001
0.00000001
0.00000001
0.00000001
0.00000001
