0.00005264
0.00001721
0.00000471
0.00000356
0.00000345
0.00000322
0.00000312
0.00000230
0.00000313
0.00000425
0.00000485
0.00000464
0.00000306
0.00000237
0.00000236
0.00000239
0.00000178
0.00000144
0.00000294
0.00000306
0.00000231
0.00000162
0.00000108
0.00000115
0.00000107
0.00000103
0.00000126
0.00000116
0.00000100
0.00000102
0.00000123
0.00000123
0.00000134
0.00000099
0.00000107
0.00000104
0.00000098
0.00000115
0.00000082
0.00000061
0.00000049
0.00000062
0.00000087
0.00000056
0.00000058
0.00000089
0.00000069
0.00000035
0.00000028
0.00000038
0.00000044
0.00000039
0.00000054
0.00000056
0.00000056
0.00000051
0.00000048
0.00000051
0.00000056
0.00000045
0.00000040
0.00000053
0.00000063
0.00000047
0.00000041
0.00000044
0.00000046
0.00000038
0.00000029
0.00000054
0.00000064
0.00000049
0.00000042
0.00000035
0.00000056
0.00000078
0.00000071
0.00000038
0.00000038
0.00000057
0.00000084
0.00000055
0.00000046
0.00000061
0.00000055
0.00000040
0.00000050
0.00000048
0.00000053
0.00000075
0.00000080
0.00000063
0.00000076
0.00000097
0.00000099
0.00000086
0.00000073
0.00000074
0.00000101
0.00000088
0.00000074
0.00000100
0.00000089
0.00000104
0.00000087
0.00000056
0.00000079
0.00000135
0.00000140
0.00000105
0.00000171
0.00000156
0.00000149
0.00000175
0.00000178
0.00000184
0.00000143
0.00000128
0.00000154
0.00000182
0.00000161
0.00000124
0.00000199
0.00000175
0.00000172
0.00000174
0.00000175
0.00000154
0.00000192
0.00000228
0.00000212
0.00000312
0.00000331
0.00000283
0.00000269
0.00000270
0.00000212
0.00000235
0.00000226
0.00000199
0.00000307
0.00000324
0.00000353
0.00000385
0.00000354
0.00000508
0.00000495
0.00000534
0.00000469
0.00000446
0.00000523
0.00000468
0.00000637
0.00000689
0.00000511
0.00000412
0.00000491
0.00000446
0.00000528
0.00000580
0.00000436
0.00000589
0.00000804
0.00000799
0.00000721
0.00000930
0.00000723
0.00000640
0.00000795
0.00000800
0.00000851
0.00000679
0.00000741
0.00000670
0.00000620
0.00000617
0.00000502
0.00000682
0.00000625
0.00000677
0.00000931
0.00000814
0.00000938
0.00001305
0.00001355
0.00001078
0.00001102
0.00000833
0.00000726
0.00000879
0.00000943
0.00000950
0.00000958
0.00000939
0.00000930
0.00001082
0.00001139
0.00000907
0.00000976
0.00001450
0.00002006
0.00001549
0.00001786
0.00001649
0.00001943
0.00002257
0.00001195
0.00001528
0.00001676
0.00001353
0.00001233
0.00001560
0.00001836
0.00001638
0.00001724
0.00001379
0.00001327
0.00001559
0.00001329
0.00001443
0.00001442
0.00002406
0.00003541
0.00003733
0.00002393
0.00002353
0.00002046
0.00001519
0.00001647
0.00001788
0.00002442
0.00001472
0.00001780
0.00001831
0.00002329
0.00003547
0.00002887
0.00002245
0.00002776
0.00003170
0.00002720
0.00003650
0.00004286
0.00003420
0.00004041
0.00003753
0.00002798
0.00002414
0.00002759
0.00002646
0.00002484
0.00002152
0.00002732
0.00003662
0.00002995
0.00004190
0.00004307
0.00003552
0.00003709
0.00003507
0.00004326
0.00003283
0.00003455
0.00004786
0.00004739
0.00003313
0.00003087
0.00003124
0.00002136
0.00002890
0.00003345
0.00003782
0.00006060
0.00004026
0.00004371
0.00005200
0.00005781
0.00005922
0.00006313
0.00005019
0.00005610
0.00006704
0.00005801
0.00005228
0.00004515
0.00004745
0.00003862
0.00003264
0.00003441
0.00003235
0.00005138
0.00005304
0.00006294
0.00007891
0.00007870
0.00006971
0.00007092
0.00007408
0.00006257
0.00006051
0.00005777
0.00008541
0.00008991
0.00007944
0.00008017
0.00007134
0.00007108
0.00005930
0.00006333
0.00006532
0.00006321
0.00008409
0.00010127
0.00009529
0.00021864
0.00055959
0.00024359
0.00009508
0.00011466
0.00011508
0.00010901
0.00010864
0.00009816
0.00009445
0.00008657
0.00009143
0.00010521
0.00013772
0.00011696
0.00010800
0.00009984
0.00009819
0.00014360
0.00019512
0.00018221
0.00014965
0.00017734
0.00017722
0.00014040
0.00013734
0.00013228
0.00009001
0.00008557
0.00012750
0.00015803
0.00023742
0.00019195
0.00017742
0.00018111
0.00020275
0.00016836
0.00023003
0.00034325
0.00028831
0.00030507
0.00026297
0.00021135
0.00031733
0.00035219
0.00023884
0.00022195
0.00019828
0.00013884
0.00034617
0.00032678
0.00027688
0.00037628
0.00039926
0.00039095
0.00039316
0.00050128
0.00044750
0.00040693
0.00050233
0.00057404
0.00057483
0.00040350
0.00053335
0.00052411
0.00035374
0.00035735
0.00038197
0.00062055
0.00056157
0.00081792
0.00101783
0.00076050
0.00079909
0.00091468
0.00080952
0.00082467
0.00108339
0.00087267
0.00070085
0.00111374
0.00151190
0.00124108
0.00075119
0.00065215
0.00048432
0.00116880
0.00107253
0.00095332
0.00117282
0.00118749
0.00109197
0.00147688
0.00238519
0.00229297
0.00159095
0.00107639
0.00105819
0.00131496
0.00134348
0.00125397
0.00120378
0.00127679
0.00118264
0.00085810
0.00076235
0.00063651
0.00085988
0.00124929
0.00118909
0.00086470
0.00122685
0.00136046
0.00113497
0.00099221
0.00075334
0.00080661
0.00066627
0.00041356
0.00058754
0.00062964
0.00063023
0.00048164
0.00057723
0.00047502
0.00041030
0.00042340
0.00034403
0.00025992
0.00028615
0.00047585
0.00050123
0.00057384
0.00052701
0.00032738
0.00034012
0.00031631
0.00024661
0.00023777
0.00023273
0.00021835
0.00026650
0.00022911
0.00022070
0.00030018
0.00026728
0.00032994
0.00028389
0.00019184
0.00018741
0.00024581
0.00031020
0.00027213
0.00024429
0.00022214
0.00014347
0.00012505
0.00016884
0.00019431
0.00013333
0.00016280
0.00011717
0.00014349
0.00021061
0.00019439
0.00016602
0.00017777
0.00012366
0.00011615
0.00017212
0.00015478
0.00014044
0.00011688
0.00009875
0.00009737
0.00008434
0.00007542
0.00004862
0.00007439
0.00007205
0.00006803
0.00009497
0.00008004
0.00008874
0.00010662
0.00010795
0.00007846
0.00006031
0.00006968
0.00006391
0.00007567
0.00007077
0.00005943
0.00005438
0.00004576
0.00004708
0.00006467
0.00006276
0.00003766
0.00004609
0.00006228
0.00008485
0.00008869
0.00007559
0.00006523
0.00006554
0.00007693
0.00004529
0.00005235
0.00005955
0.00004543
0.00003860
0.00004354
0.00005538
0.00004326
0.00004176
0.00003605
0.00002965
0.00003353
0.00002991
0.00003269
0.00003338
0.00004895
0.00005594
0.00005128
0.00003403
0.00004360
0.00004070
0.00002497
0.00002349
0.00002290
0.00002289
0.00002213
0.00002409
0.00002743
0.00003262
0.00003781
0.00002784
0.00002410
0.00002991
0.00003406
0.00002987
0.00003646
0.00004386
0.00003523
0.00004126
0.00003188
0.00001860
0.00002114
0.00002001
0.00002031
0.00001959
0.00001645
0.00002217
0.00002969
0.00002001
0.00002084
0.00002175
0.00001842
0.00002436
0.00002463
0.00002526
0.00001865
0.00001733
0.00002157
0.00002308
0.00001947
0.00001483
0.00001583
0.00001022
0.00000981
0.00001075
0.00001537
0.00002118
0.00001336
0.00001257
0.00001554
0.00001953
0.00002133
0.00001944
0.00001406
0.00001302
0.00001644
0.00001665
0.00001604
0.00001472
0.00001198
0.00000863
0.00000898
0.00000809
0.00000727
0.00001364
0.00001405
0.00001875
0.00001831
0.00001387
0.00001184
0.00001144
0.00001353
0.00001396
0.00001061
0.00000991
0.00001557
0.00001843
0.00001390
0.00001201
0.00000829
0.00000823
0.00000821
0.00000918
0.00001118
0.00000875
0.00001052
0.00000940
0.00000744
0.00001769
0.00005384
0.00002808
0.00001045
0.00001048
0.00000856
0.00000865
0.00000886
0.00000779
0.00000882
0.00000718
0.00000675
0.00000574
0.00000690
0.00000579
0.00000614
0.00000642
0.00000596
0.00000740
0.00001108
0.00001354
0.00000868
0.00000880
0.00000766
0.00000473
0.00000544
0.00000656
0.00000550
0.00000503
0.00000620
0.00000678
0.00000864
0.00000681
0.00000515
0.00000577
0.00000658
0.00000553
0.00000690
0.00000876
0.00000807
0.00000727
0.00000771
0.00000555
0.00000707
0.00000684
0.00000494
0.00000500
0.00000411
0.00000267
0.00000519
0.00000618
0.00000494
0.00000590
0.00000598
0.00000588
0.00000454
0.00000553
0.00000580
0.00000499
0.00000639
0.00000687
0.00000560
0.00000385
0.00000360
0.00000422
0.00000406
0.00000373
0.00000363
0.00000539
0.00000415
0.00000631
0.00000682
0.00000461
0.00000469
0.00000480
0.00000436
0.00000520
0.00000571
0.00000471
0.00000342
0.00000486
0.00000572
0.00000436
0.00000276
0.00000249
0.00000201
0.00000363
0.00000401
0.00000390
0.00000440
0.00000409
0.00000395
0.00000504
0.00000661
0.00000609
0.00000393
0.00000318
0.00000341
0.00000501
0.00000422
0.00000365
0.00000360
0.00000369
0.00000365
0.00000248
0.00000201
0.00000189
0.00000247
0.00000303
0.00000318
0.00000359
0.00000452
0.00000454
0.00000421
0.00000336
0.00000203
0.00000287
0.00000250
0.00000222
0.00000328
0.00000276
0.00000254
0.00000220
0.00000310
0.00000295
0.00000197
0.00000220
0.00000239
0.00000201
0.00000197
0.00000367
0.00000398
0.00000381
0.00000388
0.00000323
0.00000273
0.00000229
0.00000172
0.00000155
0.00000173
0.00000271
0.00000247
0.00000241
0.00000249
0.00000268
0.00000235
0.00000336
0.00000360
0.00000255
0.00000282
0.00000294
0.00000298
0.00000296
0.00000282
0.00000183
0.00000151
0.00000218
0.00000205
0.00000227
0.00000194
0.00000201
0.00000184
0.00000197
0.00000237
0.00000206
0.00000222
0.00000287
0.00000229
0.00000242
0.00000338
0.00000278
0.00000265
0.00000259
0.00000182
0.00000193
0.00000202
0.00000165
0.00000114
0.00000187
0.00000199
0.00000210
0.00000288
0.00000201
0.00000219
0.00000203
0.00000209
0.00000205
0.00000156
0.00000184
0.00000169
0.00000158
0.00000160
0.00000141
0.00000152
0.00000153
0.00000134
0.00000109
0.00000127
0.00000095
0.00000161
0.00000237
0.00000209
0.00000182
0.00000179
0.00000139
0.00000198
0.00000271
0.00000158
0.00000199
0.00000209
0.00000154
0.00000138
0.00000185
0.00000220
0.00000163
0.00000147
0.00000160
0.00000171
0.00000175
0.00000108
0.00000103
0.00000096
0.00000135
0.00000245
0.00000244
0.00000172
0.00000187
0.00000173
0.00000110
0.00000099
0.00000087
0.00000111
0.00000135
0.00000126
0.00000113
0.00000110
0.00000125
0.00000129
0.00000123
0.00000163
0.00000152
0.00000151
0.00000174
0.00000195
0.00000157
0.00000178
0.00000121
0.00000073
0.00000096
0.00000080
0.00000112
0.00000138
0.00000090
0.00000082
0.00000099
0.00000100
0.00000106
0.00000095
0.00000100
0.00000129
0.00000106
0.00000118
0.00000115
0.00000096
0.00000141
0.00000161
0.00000101
0.00000087
0.00000086
0.00000064
0.00000073
0.00000091
0.00000098
0.00000104
0.00000084
0.00000077
0.00000082
0.00000103
0.00000118
0.00000095
0.00000093
0.00000130
0.00000164
0.00000115
0.00000084
0.00000071
0.00000049
0.00000043
0.00000041
0.00000064
0.00000058
0.00000066
0.00000074
0.00000092
0.00000101
0.00000093
0.00000090
0.00000072
0.00000061
0.00000077
0.00000081
0.00000090
0.00000113
0.00000118
0.00000085
0.00000071
0.00000066
0.00000070
0.00000067
0.00000062
0.00000066
0.00000057
0.00000066
0.00000063
0.00000047
0.00000084
0.00000234
0.00000153
0.00000058
0.00000074
0.00000070
0.00000076
0.00000070
0.00000062
0.00000064
0.00000059
0.00000054
0.00000046
0.00000064
0.00000048
0.00000050
0.00000059
0.00000049
0.00000076
0.00000085
0.00000088
0.00000069
0.00000058
0.00000068
0.00000061
0.00000038
0.00000034
0.00000045
0.00000038
0.00000044
0.00000046
0.00000067
0.00000063
0.00000050
0.00000045
0.00000059
0.00000053
0.00000062
0.00000063
0.00000052
0.00000059
0.00000077
0.00000073
0.00000079
0.00000054
0.00000041
0.00000057
0.00000048
0.00000036
0.00000063
0.00000056
0.00000038
0.00000040
0.00000047
0.00000060
0.00000066
0.00000058
0.00000050
0.00000042
0.00000048
0.00000059
0.00000051
0.00000042
0.00000036
0.00000034
0.00000025
0.00000027
0.00000032
0.00000048
0.00000047
0.00000050
0.00000058
0.00000045
0.00000056
0.00000049
0.00000028
0.00000037
0.00000048
0.00000045
0.00000037
0.00000058
0.00000084
0.00000051
0.00000025
0.00000021
0.00000025
0.00000048
0.00000057
0.00000042
0.00000051
0.00000057
0.00000038
0.00000049
0.00000064
0.00000065
0.00000057
0.00000046
0.00000044
0.00000057
0.00000052
0.00000053
0.00000051
0.00000032
0.00000040
0.00000031
0.00000028
0.00000038
0.00000059
0.00000063
0.00000046
0.00000046
0.00000050
0.00000047
0.00000030
0.00000023
0.00000021
0.00000037
0.00000030
0.00000028
0.00000037
0.00000036
0.00000035
0.00000026
0.00000033
0.00000039
0.00000030
0.00000034
0.00000036
0.00000032
0.00000037
0.00000049
0.00000044
0.00000036
0.00000042
0.00000033
0.00000030
0.00000025
0.00000024
0.00000033
0.00000032
0.00000031
0.00000036
0.00000043
0.00000038
0.00000036
0.00000038
0.00000053
0.00000051
0.00000041
0.00000044
0.00000031
0.00000034
0.00000048
0.00000045
0.00000030
0.00000023
0.00000023
0.00000030
0.00000034
0.00000021
0.00000024
0.00000031
0.00000036
0.00000037
0.00000042
0.00000044
0.00000034
0.00000022
0.00000026
0.00000039
0.00000038
0.00000030
0.00000029
0.00000030
0.00000025
0.00000029
0.00000028
0.00000018
0.00000021
0.00000027
0.00000019
0.00000014
0.00000021
0.00000027
0.00000026
0.00000037
0.00000034
0.00000025
0.00000035
0.00000036
0.00000027
0.00000020
0.00000018
0.00000020
0.00000022
0.00000020
0.00000024
0.00000027
0.00000025
0.00000020
0.00000028
0.00000034
0.00000039
0.00000034
0.00000026
0.00000034
0.00000034
0.00000025
0.00000019
0.00000027
0.00000038
0.00000047
0.00000038
0.00000024
0.00000018
0.00000018
0.00000021
0.00000027
0.00000028
0.00000030
0.00000022
0.00000038
0.00000052
0.00000043
0.00000038
0.00000035
0.00000029
0.00000027
0.00000027
0.00000024
0.00000016
0.00000025
0.00000030
0.00000023
0.00000028
0.00000018
0.00000017
0.00000031
0.00000026
0.00000033
0.00000029
0.00000027
0.00000023
0.00000021
0.00000018
0.00000029
0.00000031
0.00000026
0.00000027
0.00000029
0.00000028
0.00000027
0.00000018
0.00000023
0.00000034
0.00000032
0.00000018
0.00000019
0.00000016
0.00000021
0.00000034
0.00000024
0.00000016
0.00000017
0.00000022
0.00000023
0.00000018
0.00000018
0.00000027
0.00000025
0.00000016
0.00000019
0.00000019
0.00000022
0.00000016
0.00000014
0.00000017
0.00000027
0.00000026
0.00000022
0.00000020
0.00000020
0.00000026
0.00000021
0.00000016
0.00000019
0.00000016
0.00000012
0.00000013
0.00000012
0.00000009
0.00000012
0.00000014
0.00000019
0.00000026
0.00000019
0.00000020
0.00000019
0.00000019
0.00000021
0.00000013
0.00000014
0.00000016
0.00000018
0.00000015
0.00000013
0.00000013
0.00000016
0.00000016
0.00000020
0.00000031
0.00000019
0.00000016
0.00000022
0.00000023
0.00000017
0.00000028
0.00000034
0.00000016
0.00000012
0.00000011
0.00000011
0.00000017
0.00000024
0.00000021
0.00000016
0.00000015
0.00000015
0.00000020
0.00000022
0.00000020
0.00000017
0.00000021
0.00000019
0.00000021
0.00000031
0.00000025
0.00000017
0.00000015
0.00000012
0.00000017
0.00000014
0.00000010
0.00000014
0.00000015
0.00000022
0.00000024
0.00000023
0.00000017
0.00000013
0.00000019
0.00000020
0.00000020
0.00000019
0.00000017
0.00000012
0.00000013
0.00000014
0.00000022
0.00000025
0.00000013
0.00000010
0.00000019
0.00000014
0.00000015
0.00000024
0.00000014
0.00000013
0.00000017
0.00000020
0.00000023
0.00000019
0.00000016
0.00000018
0.00000015
0.00000018
0.00000020
0.00000019
0.00000018
0.00000013
0.00000010
0.00000012
0.00000014
0.00000017
0.00000013
0.00000015
0.00000013
0.00000012
0.00000014
0.00000013
0.00000012
0.00000014
0.00000019
0.00000013
0.00000014
0.00000021
0.00000020
0.00000014
0.00000013
0.00000011
0.00000009
0.00000013
0.00000011
0.00000011
0.00000018
0.00000017
0.00000010
0.00000013
0.00000018
0.00000014
0.00000014
0.00000008
0.00000011
0.00000015
0.00000014
0.00000012
0.00000010
0.00000007
0.00000012
0.00000015
0.00000015
0.00000013
0.00000013
0.00000012
0.00000009
0.00000007
0.00000010
0.00000009
0.00000017
0.00000018
0.00000011
0.00000011
0.00000008
0.00000006
0.00000007
0.00000012
0.00000009
0.00000009
0.00000011
0.00000009
0.00000010
0.00000016
0.00000014
0.00000010
0.00000013
0.00000010
0.00000011
0.00000013
0.00000010
0.00000012
0.00000013
0.00000006
0.00000006
0.00000007
0.00000009
0.00000010
0.00000008
0.00000010
0.00000008
0.00000010
0.00000013
0.00000014
0.00000015
0.00000011
0.00000020
0.00000016
0.00000009
0.00000013
0.00000012
0.00000013
0.00000013
0.00000012
0.00000016
0.00000009
0.00000012
0.00000018
0.00000012
0.00000013
0.00000016
0.00000019
0.00000017
0.00000020
0.00000012
0.00000012
0.00000012
0.00000014
0.00000015
0.00000013
0.00000010
0.00000010
0.00000013
0.00000011
0.00000015
0.00000014
0.00000009
0.00000010
0.00000008
0.00000013
0.00000014
0.00000011
0.00000010
0.00000008
0.00000005
0.00000009
0.00000012
0.00000011
0.00000009
0.00000010
0.00000009
0.00000010
0.00000007
0.00000010
0.00000008
0.00000006
0.00000011
0.00000012
0.00000008
0.00000011
0.00000014
0.00000008
0.00000011
0.00000012
0.00000007
0.00000009
0.00000010
0.00000007
0.00000004
0.00000005
0.00000006
0.00000007
0.00000007
0.00000008
0.00000011
0.00000009
0.00000008
0.00000010
0.00000010
0.00000015
0.00000012
0.00000010
0.00000012
0.00000011
0.00000010
0.00000011
0.00000008
0.00000009
0.00000012
0.00000014
0.00000013
0.00000013
0.00000009
0.00000010
0.00000009
0.00000010
0.00000009
0.00000010
0.00000017
0.00000013
0.00000013
0.00000014
0.00000015
0.00000011
0.00000005
0.00000011
0.00000011
0.00000012
0.00000012
0.00000010
0.00000014
0.00000008
0.00000008
0.00000007
0.00000009
0.00000015
0.00000015
0.00000009
0.00000006
0.00000006
0.00000008
0.00000010
0.00000009
0.00000008
0.00000011
0.00000013
0.00000008
0.00000012
0.00000015
0.00000020
0.00000018
0.00000011
0.00000009
0.00000010
0.00000007
0.00000007
0.00000009
0.00000009
0.00000009
0.00000008
0.00000010
0.00000010
0.00000011
0.00000012
0.00000011
0.00000013
0.00000012
0.00000004
0.00000010
0.00000011
0.00000010
0.00000012
0.00000006
0.00000006
0.00000008
0.00000010
0.00000009
0.00000009
0.00000010
0.00000013
0.00000015
0.00000013
0.00000011
0.00000013
0.00000010
0.00000007
0.00000007
0.00000006
0.00000010
0.00000012
0.00000011
0.00000011
0.00000011
0.00000019
0.00000014
0.00000016
0.00000010
0.00000015
0.00000013
0.00000011
0.00000012
0.00000012
0.00000014
0.00000012
0.00000011
0.00000012
0.00000018
0.00000015
0.00000023
0.00000016
0.00000015
0.00000015
0.00000010
0.00000009
0.00000011
0.00000014
0.00000016
0.00000015
0.00000019
0.00000017
0.00000021
0.00000013
0.00000012
0.00000013
0.00000015
0.00000017
0.00000017
0.00000019
0.00000012
0.00000011
0.00000012
0.00000009
0.00000012
0.00000014
0.00000016
0.00000014
0.00000010
0.00000006
0.00000008
0.00000006
0.00000008
0.00000013
0.00000017
0.00000011
0.00000007
0.00000009
0.00000017
0.00000015
0.00000007
0.00000011
0.00000014
0.00000012
0.00000016
0.00000016
0.00000014
0.00000010
0.00000009
0.00000016
0.00000015
0.00000008
0.00000013
0.00000017
0.00000011
0.00000011
0.00000008
0.00000009
0.00000013
0.00000015
0.00000018
0.00000010
0.00000012
0.00000008
0.00000009
0.00000009
0.00000014
0.00000016
0.00000018
0.00000014
0.00000012
0.00000011
0.00000008
0.00000012
0.00000017
0.00000013
0.00000012
0.00000008
0.00000011
0.00000014
0.00000008
0.00000010
0.00000012
0.00000008
0.00000011
0.00000011
0.00000014
0.00000012
0.00000013
0.00000015
0.00000011
0.00000010
0.00000009
0.00000008
0.00000011
0.00000017
0.00000010
0.00000009
0.00000009
0.00000011
0.00000009
0.00000009
0.00000017
0.00000017
0.00000006
0.00000009
0.00000014
0.00000018
0.00000014
0.00000011
0.00000013
0.00000015
0.00000015
0.00000012
0.00000010
0.00000007
0.00000009
0.00000008
0.00000011
0.00000014
0.00000010
0.00000011
0.00000011
0.00000010
0.00000011
0.00000014
0.00000013
0.00000013
0.00000011
0.00000010
0.00000008
0.00000006
0.00000010
0.00000010
0.00000012
0.00000008
0.00000007
0.00000008
0.00000008
0.00000006
0.00000004
0.00000005
0.00000007
0.00000006
0.00000007
0.00000007
0.00000010
0.00000009
0.00000009
0.00000010
0.00000007
0.00000010
0.00000012
0.00000010
0.00000010
0.00000011
0.00000006
0.00000010
0.00000013
0.00000006
0.00000009
0.00000007
0.00000008
0.00000007
0.00000004
0.00000009
0.00000012
0.00000013
0.00000010
0.00000009
0.00000011
0.00000012
0.00000011
0.00000009
0.00000005
0.00000007
0.00000012
0.00000007
0.00000008
0.00000009
0.00000006
0.00000009
0.00000008
0.00000009
0.00000013
0.00000013
0.00000008
0.00000014
0.00000012
0.00000011
0.00000010
0.00000008
0.00000011
0.00000017
0.00000013
0.00000011
0.00000008
0.00000006
0.00000006
0.00000008
0.00000011
0.00000009
0.00000006
0.00000009
0.00000010
0.00000014
0.00000013
0.00000010
0.00000008
0.00000008
0.00000012
0.00000011
0.00000010
0.00000013
0.00000012
0.00000009
0.00000011
0.00000012
0.00000011
0.00000011
0.00000011
0.00000010
0.00000006
0.00000006
0.00000009
0.00000012
0.00000011
0.00000007
0.00000006
0.00000007
0.00000009
0.00000010
0.00000006
0.00000009
0.00000009
0.00000008
0.00000007
0.00000007
0.00000007
0.00000009
0.00000007
0.00000009
0.00000014
0.00000012
0.00000012
0.00000008
0.00000009
0.00000008
0.00000007
0.00000010
0.00000006
0.00000005
0.00000009
0.00000009
0.00000011
0.00000011
0.00000014
0.00000011
0.00000008
0.00000010
0.00000010
0.00000008
0.00000010
0.00000012
0.00000014
0.00000013
0.00000013
0.00000012
0.00000010
0.00000010
0.00000007
0.00000007
0.00000009
0.00000009
0.00000010
0.00000016
0.00000019
0.00000010
0.00000009
0.00000009
0.00000010
0.00000010
0.00000006
0.00000010
0.00000013
0.00000016
0.00000015
0.00000014
0.00000009
0.00000009
0.00000011
0.00000007
0.00000004
0.00000007
0.00000011
0.00000010
0.00000010
0.00000010
0.00000012
0.00000012
0.00000015
0.00000014
0.00000011
0.00000010
0.00000007
0.00000008
0.00000007
0.00000012
0.00000014
0.00000011
0.00000011
0.00000005
0.00000008
0.00000008
0.00000007
0.00000008
0.00000009
0.00000010
0.00000011
0.00000014
0.00000019
0.00000013
0.00000007
0.00000008
0.00000007
0.00000013
0.00000013
0.00000010
0.00000009
0.00000010
0.00000010
0.00000011
0.00000013
0.00000011
0.00000013
0.00000012
0.00000008
0.00000007
0.00000010
0.00000011
0.00000010
0.00000011
0.00000013
0.00000013
0.00000010
0.00000009
0.00000008
0.00000008
0.00000007
0.00000007
0.00000009
0.00000011
0.00000013
0.00000016
0.00000013
0.00000011
0.00000009
0.00000010
0.00000008
0.00000018
0.00000019
0.00000013
0.00000015
0.00000011
0.00000011
0.00000008
0.00000013
0.00000018
0.00000017
0.00000015
0.00000010
0.00000009
0.00000011
0.00000009
0.00000014
0.00000020
0.00000015
0.00000013
0.00000020
0.00000027
0.00000016
0.00000013
0.00000007
0.00000007
0.00000010
0.00000011
0.00000019
0.00000018
0.00000015
0.00000016
0.00000013
0.00000013
0.00000020
0.00000016
0.00000018
0.00000015
0.00000015
0.00000015
0.00000013
0.00000013
0.00000016
0.00000018
0.00000016
0.00000015
0.00000018
0.00000012
0.00000009
0.00000008
0.00000007
0.00000011
0.00000008
0.00000009
0.00000015
0.00000012
0.00000014
0.00000016
0.00000015
0.00000017
0.00000015
0.00000014
0.00000015
0.00000008
0.00000007
0.00000009
0.00000015
0.00000012
0.00000009
0.00000007
0.00000011
0.00000013
0.00000006
0.00000006
0.00000010
0.00000010
0.00000012
0.00000010
0.00000011
0.00000008
0.00000009
0.00000006
0.00000009
0.00000013
0.00000009
0.00000009
0.00000013
0.00000010
0.00000011
0.00000012
0.00000011
0.00000012
0.00000011
0.00000013
0.00000014
0.00000013
0.00000011
0.00000010
0.00000009
0.00000010
0.00000008
