0.00000001
0.00000001
0.00000001
0.00000001
0.00000001
0.00000001
0.00000001
0.00000001
0.00000001
0.00000001
0.00000001
0.00000002
0.00000002
0.00000001
0.00000001
0.00000001
0.00000001
0.00000001
0.00000001
0.00000001
0.00000001
0.00000001
0.00000001
0.00000001
0.00000002
0.00000002
0.00000001
0.00000001
0.00000001
0.00000001
0.00000001
0.00000002
0.00000002
0.00000002
0.00000002
0.00000002
0.00000002
0.00000003
0.00000004
0.00000004
0.00000003
0.00000002
0.00000004
0.00000005
0.00000004
0.00000004
0.00000003
0.00000003
0.00000006
0.00000006
0.00000006
0.00000008
0.00000009
0.00000007
0.00000006
0.00000009
0.00000009
0.00000010
0.00000011
0.00000013
0.00000012
0.00000008
0.00000011
0.00000013
0.00000011
0.00000010
0.00000010
0.00000015
0.00000016
0.00000018
0.00000020
0.00000020
0.00000020
0.00000022
0.00000018
0.00000018
0.00000030
0.00000024
0.00000018
0.00000030
0.00000044
0.00000034
0.00000028
0.00000023
0.00000020
0.00000026
0.00000024
0.00000029
0.00000035
0.00000053
0.00000056
0.00000052
0.00000085
0.00000077
0.00000062
0.00000047
0.00000061
0.00000065
0.00000070
0.00000062
0.00000057
0.00000081
0.00000085
0.00000091
0.00000072
0.00000048
0.00000063
0.00000103
0.00000112
0.00000099
0.00000167
0.00000138
0.00000117
0.00000136
0.00000153
0.00000169
0.00000113
0.00000084
0.00000113
0.00000154
0.00000167
0.00000134
0.00000163
0.00000150
0.00000128
0.00000134
0.00000136
0.00000129
0.00000170
0.00000219
0.00000218
0.00000328
0.00000321
0.00000262
0.00000236
0.00000258
0.00000200
0.00000195
0.00000198
0.00000184
0.00000290
0.00000312
0.00000322
0.00000340
0.00000303
0.00000451
0.00000436
0.00000435
0.00000379
0.00000415
0.00000546
0.00000487
0.00000597
0.00000628
0.00000426
0.00000355
0.00000448
0.00000419
0.00000496
0.00000555
0.00000413
0.00000531
0.00000682
0.00000646
0.00000648
0.00000846
0.00000684
0.00000586
0.00000754
0.00000770
0.00000804
0.00000675
0.00000752
0.00000667
0.00000549
0.00000554
0.00000450
0.00000656
0.00000611
0.00000650
0.00000866
0.00000766
0.00000905
0.00001248
0.00001314
0.00001072
0.00001050
0.00000737
0.00000658
0.00000794
0.00000908
0.00001035
0.00000993
0.00000936
0.00000887
0.00001021
0.00001105
0.00000867
0.00000972
0.00001374
0.00001833
0.00001526
0.00001719
0.00001639
0.00001927
0.00002275
0.00001226
0.00001560
0.00001608
0.00001237
0.00001176
0.00001429
0.00001682
0.00001570
0.00001650
0.00001306
0.00001331
0.00001607
0.00001318
0.00001428
0.00001460
0.00002315
0.00003432
0.00003659
0.00002335
0.00002363
0.00002040
0.00001452
0.00001650
0.00001803
0.00002358
0.00001423
0.00001773
0.00001810
0.00002294
0.00003523
0.00002850
0.00002187
0.00002796
0.00003259
0.00002658
0.00003427
0.00004191
0.00003336
0.00003864
0.00003559
0.00002633
0.00002464
0.00002852
0.00002667
0.00002432
0.00002102
0.00002644
0.00003459
0.00002769
0.00004000
0.00004274
0.00003540
0.00003593
0.00003478
0.00004265
0.00003148
0.00003369
0.00004735
0.00004727
0.00003204
0.00002946
0.00003034
0.00002152
0.00002876
0.00003342
0.00003873
0.00006086
0.00004027
0.00004396
0.00005326
0.00005917
0.00006019
0.00006217
0.00004866
0.00005425
0.00006589
0.00005841
0.00005224
0.00004520
0.00004783
0.00003886
0.00003386
0.00003439
0.00003247
0.00005131
0.00005281
0.00006197
0.00007702
0.00007700
0.00006856
0.00007163
0.00007579
0.00006345
0.00006096
0.00005776
0.00008460
0.00008930
0.00008038
0.00008142
0.00007149
0.00007042
0.00005874
0.00006479
0.00006811
0.00006535
0.00008522
0.00010053
0.00009529
0.00021740
0.00055541
0.00024024
0.00009495
0.00011498
0.00011454
0.00010940
0.00011130
0.00010032
0.00009442
0.00008624
0.00009042
0.00010621
0.00013975
0.00011774
0.00010913
0.00010098
0.00009927
0.00014297
0.00019324
0.00018417
0.00014910
0.00017624
0.00017861
0.00014254
0.00013713
0.00013204
0.00009038
0.00008735
0.00012763
0.00015750
0.00024138
0.00019595
0.00018409
0.00018339
0.00019903
0.00016859
0.00023472
0.00034716
0.00029322
0.00031118
0.00026435
0.00021057
0.00032080
0.00035556
0.00024090
0.00022354
0.00020077
0.00014047
0.00034247
0.00032693
0.00027452
0.00037383
0.00039706
0.00039310
0.00039913
0.00050798
0.00045239
0.00041123
0.00050907
0.00057994
0.00057583
0.00040155
0.00052654
0.00051871
0.00035699
0.00036114
0.00038526
0.00062177
0.00056436
0.00082255
0.00102271
0.00076381
0.00080176
0.00090913
0.00080477
0.00082607
0.00108289
0.00087290
0.00070711
0.00112106
0.00152052
0.00125434
0.00075685
0.00065455
0.00048922
0.00116192
0.00107010
0.00095810
0.00118071
0.00120239
0.00109855
0.00147464
0.00238844
0.00231100
0.00160142
0.00108090
0.00106812
0.00133433
0.00135197
0.00125428
0.00120586
0.00127983
0.00118785
0.00085381
0.00075426
0.00063195
0.00086150
0.00125693
0.00119328
0.00087231
0.00123683
0.00136614
0.00114004
0.00099350
0.00075559
0.00081273
0.00066902
0.00041632
0.00059246
0.00063451
0.00062650
0.00047977
0.00058440
0.00048332
0.00041525
0.00042384
0.00034659
0.00026043
0.00028314
0.00047744
0.00050691
0.00058281
0.00053802
0.00033014
0.00033924
0.00031703
0.00025051
0.00024116
0.00023233
0.00022056
0.00026831
0.00022970
0.00022368
0.00030704
0.00027112
0.00033219
0.00028672
0.00019468
0.00018988
0.00024753
0.00031292
0.00027425
0.00024456
0.00022071
0.00014397
0.00012755
0.00017478
0.00019946
0.00013719
0.00016605
0.00011864
0.00014493
0.00021472
0.00019534
0.00016733
0.00018034
0.00012379
0.00011789
0.00017659
0.00015675
0.00014417
0.00011743
0.00009835
0.00009803
0.00008472
0.00007596
0.00005005
0.00007576
0.00007191
0.00006785
0.00009458
0.00007840
0.00008564
0.00010385
0.00010724
0.00007939
0.00006172
0.00007212
0.00006525
0.00007623
0.00007118
0.00005956
0.00005427
0.00004676
0.00004954
0.00006718
0.00006297
0.00003867
0.00004757
0.00006115
0.00008404
0.00008947
0.00007631
0.00006561
0.00006481
0.00007482
0.00004606
0.00005329
0.00005840
0.00004432
0.00003995
0.00004519
0.00005549
0.00004302
0.00004143
0.00003661
0.00002996
0.00003412
0.00003129
0.00003401
0.00003462
0.00004945
0.00005737
0.00005391
0.00003431
0.00004433
0.00004175
0.00002512
0.00002329
0.00002259
0.00002294
0.00002203
0.00002403
0.00002718
0.00003200
0.00003753
0.00002751
0.00002352
0.00002955
0.00003350
0.00002882
0.00003613
0.00004364
0.00003511
0.00004098
0.00003129
0.00001828
0.00002073
0.00001966
0.00001975
0.00001947
0.00001589
0.00002152
0.00002944
0.00001921
0.00001998
0.00002170
0.00001911
0.00002466
0.00002535
0.00002597
0.00001865
0.00001694
0.00002173
0.00002319
0.00001913
0.00001423
0.00001461
0.00001000
0.00001037
0.00001079
0.00001542
0.00002137
0.00001332
0.00001210
0.00001553
0.00001939
0.00002045
0.00001908
0.00001419
0.00001350
0.00001677
0.00001645
0.00001556
0.00001475
0.00001234
0.00000826
0.00000806
0.00000816
0.00000692
0.00001248
0.00001293
0.00001824
0.00001790
0.00001367
0.00001220
0.00001154
0.00001251
0.00001270
0.00001023
0.00000995
0.00001522
0.00001726
0.00001354
0.00001220
0.00000819
0.00000851
0.00000846
0.00000889
0.00001074
0.00000870
0.00001013
0.00000876
0.00000793
0.00001795
0.00005277
0.00002756
0.00001058
0.00001059
0.00000831
0.00000902
0.00000935
0.00000837
0.00000885
0.00000670
0.00000635
0.00000591
0.00000709
0.00000565
0.00000561
0.00000605
0.00000602
0.00000750
0.00001028
0.00001220
0.00000818
0.00000836
0.00000758
0.00000481
0.00000488
0.00000594
0.00000527
0.00000459
0.00000557
0.00000652
0.00000843
0.00000698
0.00000544
0.00000585
0.00000645
0.00000521
0.00000715
0.00000890
0.00000795
0.00000685
0.00000721
0.00000567
0.00000710
0.00000647
0.00000482
0.00000537
0.00000433
0.00000256
0.00000489
0.00000586
0.00000439
0.00000546
0.00000601
0.00000583
0.00000418
0.00000505
0.00000539
0.00000474
0.00000631
0.00000704
0.00000554
0.00000364
0.00000323
0.00000402
0.00000357
0.00000329
0.00000335
0.00000525
0.00000402
0.00000564
0.00000622
0.00000460
0.00000481
0.00000463
0.00000392
0.00000484
0.00000529
0.00000465
0.00000373
0.00000517
0.00000602
0.00000451
0.00000308
0.00000277
0.00000214
0.00000415
0.00000417
0.00000374
0.00000427
0.00000401
0.00000382
0.00000492
0.00000659
0.00000615
0.00000397
0.00000339
0.00000339
0.00000465
0.00000408
0.00000350
0.00000331
0.00000325
0.00000335
0.00000237
0.00000195
0.00000205
0.00000260
0.00000311
0.00000342
0.00000330
0.00000429
0.00000442
0.00000370
0.00000290
0.00000213
0.00000310
0.00000244
0.00000178
0.00000280
0.00000264
0.00000249
0.00000218
0.00000306
0.00000308
0.00000247
0.00000255
0.00000188
0.00000171
0.00000212
0.00000348
0.00000390
0.00000373
0.00000347
0.00000274
0.00000257
0.00000249
0.00000207
0.00000192
0.00000157
0.00000215
0.00000254
0.00000233
0.00000222
0.00000256
0.00000206
0.00000281
0.00000285
0.00000211
0.00000254
0.00000282
0.00000289
0.00000251
0.00000249
0.00000222
0.00000187
0.00000194
0.00000188
0.00000200
0.00000134
0.00000168
0.00000190
0.00000224
0.00000267
0.00000243
0.00000224
0.00000228
0.00000196
0.00000193
0.00000267
0.00000250
0.00000225
0.00000201
0.00000156
0.00000168
0.00000159
0.00000123
0.00000085
0.00000167
0.00000153
0.00000133
0.00000186
0.00000150
0.00000181
0.00000192
0.00000195
0.00000198
0.00000162
0.00000177
0.00000150
0.00000145
0.00000151
0.00000169
0.00000168
0.00000131
0.00000113
0.00000104
0.00000106
0.00000086
0.00000145
0.00000196
0.00000222
0.00000213
0.00000182
0.00000137
0.00000158
0.00000193
0.00000122
0.00000146
0.00000145
0.00000122
0.00000119
0.00000121
0.00000140
0.00000107
0.00000092
0.00000108
0.00000096
0.00000099
0.00000082
0.00000093
0.00000099
0.00000146
0.00000185
0.00000173
0.00000130
0.00000141
0.00000130
0.00000086
0.00000106
0.00000106
0.00000096
0.00000106
0.00000097
0.00000100
0.00000086
0.00000120
0.00000109
0.00000096
0.00000123
0.00000107
0.00000109
0.00000147
0.00000194
0.00000156
0.00000156
0.00000097
0.00000054
0.00000071
0.00000079
0.00000097
0.00000094
0.00000076
0.00000084
0.00000101
0.00000083
0.00000083
0.00000089
0.00000083
0.00000111
0.00000108
0.00000113
0.00000096
0.00000070
0.00000096
0.00000103
0.00000078
0.00000070
0.00000064
0.00000046
0.00000043
0.00000051
0.00000066
0.00000099
0.00000073
0.00000077
0.00000094
0.00000085
0.00000091
0.00000079
0.00000078
0.00000096
0.00000112
0.00000083
0.00000068
0.00000069
0.00000056
0.00000038
0.00000034
0.00000052
0.00000057
0.00000071
0.00000083
0.00000099
0.00000097
0.00000087
0.00000086
0.00000075
0.00000080
0.00000076
0.00000070
0.00000073
0.00000092
0.00000099
0.00000071
0.00000073
0.00000066
0.00000067
0.00000065
0.00000064
0.00000057
0.00000048
0.00000061
0.00000067
0.00000061
0.00000108
0.00000251
0.00000146
0.00000056
0.00000066
0.00000061
0.00000065
0.00000066
0.00000065
0.00000063
0.00000047
0.00000046
0.00000035
0.00000046
0.00000036
0.00000036
0.00000055
0.00000048
0.00000059
0.00000072
0.00000076
0.00000053
0.00000050
0.00000058
0.00000050
0.00000030
0.00000033
0.00000039
0.00000031
0.00000035
0.00000047
0.00000068
0.00000063
0.00000038
0.00000031
0.00000042
0.00000034
0.00000051
0.00000068
0.00000054
0.00000045
0.00000049
0.00000038
0.00000056
0.00000045
0.00000033
0.00000047
0.00000036
0.00000019
0.00000047
0.00000060
0.00000040
0.00000036
0.00000045
0.00000050
0.00000047
0.00000054
0.00000055
0.00000036
0.00000044
0.00000049
0.00000044
0.00000035
0.00000030
0.00000034
0.00000031
0.00000026
0.00000023
0.00000039
0.00000039
0.00000047
0.00000052
0.00000037
0.00000043
0.00000037
0.00000033
0.00000037
0.00000037
0.00000033
0.00000029
0.00000044
0.00000054
0.00000041
0.00000027
0.00000023
0.00000019
0.00000034
0.00000042
0.00000037
0.00000045
0.00000040
0.00000028
0.00000037
0.00000046
0.00000047
0.00000041
0.00000033
0.00000030
0.00000040
0.00000041
0.00000039
0.00000036
0.00000029
0.00000026
0.00000013
0.00000011
0.00000014
0.00000023
0.00000032
0.00000032
0.00000027
0.00000031
0.00000041
0.00000035
0.00000027
0.00000022
0.00000025
0.00000018
0.00000022
0.00000029
0.00000025
0.00000022
0.00000022
0.00000027
0.00000025
0.00000017
0.00000022
0.00000018
0.00000014
0.00000016
0.00000027
0.00000034
0.00000036
0.00000037
0.00000026
0.00000024
0.00000020
0.00000018
0.00000021
0.00000016
0.00000022
0.00000025
0.00000019
0.00000019
0.00000020
0.00000024
0.00000033
0.00000028
0.00000016
0.00000022
0.00000024
0.00000030
0.00000031
0.00000026
0.00000022
0.00000018
0.00000016
0.00000018
0.00000019
0.00000014
0.00000019
0.00000015
0.00000015
0.00000025
0.00000023
0.00000023
0.00000024
0.00000019
0.00000022
0.00000029
0.00000028
0.00000023
0.00000020
0.00000018
0.00000016
0.00000016
0.00000013
0.00000011
0.00000014
0.00000017
0.00000015
0.00000016
0.00000019
0.00000021
0.00000023
0.00000026
0.00000024
0.00000017
0.00000023
0.00000023
0.00000020
0.00000020
0.00000016
0.00000014
0.00000011
0.00000011
0.00000014
0.00000015
0.00000011
0.00000015
0.00000021
0.00000022
0.00000023
0.00000022
0.00000020
0.00000020
0.00000019
0.00000014
0.00000014
0.00000017
0.00000017
0.00000015
0.00000014
0.00000013
0.00000009
0.00000011
0.00000014
0.00000011
0.00000014
0.00000013
0.00000013
0.00000015
0.00000020
0.00000022
0.00000018
0.00000014
0.00000016
0.00000017
0.00000012
0.00000014
0.00000012
0.00000013
0.00000015
0.00000012
0.00000013
0.00000012
0.00000014
0.00000016
0.00000014
0.00000018
0.00000016
0.00000016
0.00000021
0.00000026
0.00000021
0.00000021
0.00000016
0.00000011
0.00000014
0.00000013
0.00000013
0.00000013
0.00000010
0.00000012
0.00000017
0.00000018
0.00000016
0.00000014
0.00000014
0.00000019
0.00000018
0.00000019
0.00000019
0.00000013
0.00000016
0.00000018
0.00000014
0.00000012
0.00000011
0.00000009
0.00000008
0.00000011
0.00000013
0.00000015
0.00000011
0.00000014
0.00000018
0.00000018
0.00000017
0.00000016
0.00000017
0.00000018
0.00000017
0.00000013
0.00000011
0.00000012
0.00000012
0.00000011
0.00000008
0.00000009
0.00000008
0.00000012
0.00000015
0.00000018
0.00000017
0.00000014
0.00000014
0.00000012
0.00000013
0.00000015
0.00000012
0.00000012
0.00000015
0.00000016
0.00000011
0.00000010
0.00000010
0.00000008
0.00000008
0.00000009
0.00000011
0.00000010
0.00000011
0.00000009
0.00000010
0.00000013
0.00000017
0.00000015
0.00000010
0.00000011
0.00000011
0.00000012
0.00000011
0.00000010
0.00000010
0.00000008
0.00000006
0.00000004
0.00000006
0.00000006
0.00000007
0.00000009
0.00000008
0.00000009
0.00000012
0.00000014
0.00000012
0.00000012
0.00000010
0.00000008
0.00000007
0.00000008
0.00000007
0.00000005
0.00000006
0.00000009
0.00000009
0.00000007
0.00000006
0.00000005
0.00000007
0.00000010
0.00000012
0.00000011
0.00000008
0.00000007
0.00000009
0.00000009
0.00000010
0.00000008
0.00000006
0.00000006
0.00000005
0.00000004
0.00000006
0.00000007
0.00000004
0.00000005
0.00000006
0.00000007
0.00000007
0.00000007
0.00000006
0.00000006
0.00000007
0.00000010
0.00000008
0.00000005
0.00000004
0.00000004
0.00000003
0.00000004
0.00000005
0.00000006
0.00000004
0.00000005
0.00000005
0.00000005
0.00000005
0.00000006
0.00000007
0.00000006
0.00000005
0.00000006
0.00000007
0.00000007
0.00000006
0.00000003
0.00000002
0.00000003
0.00000004
0.00000005
0.00000006
0.00000004
0.00000003
0.00000004
0.00000003
0.00000005
0.00000006
0.00000006
0.00000004
0.00000003
0.00000005
0.00000006
0.00000006
0.00000004
0.00000002
0.00000003
0.00000003
0.00000001
0.00000001
0.00000002
0.00000002
0.00000003
0.00000004
0.00000003
0.00000004
0.00000005
0.00000004
0.00000002
0.00000002
0.00000002
0.00000002
0.00000002
0.00000002
0.00000001
0.00000001
0.00000001
0.00000002
0.00000003
0.00000003
0.00000003
0.00000002
0.00000002
0.00000003
0.00000003
0.00000004
0.00000004
0.00000003
0.00000002
0.00000002
0.00000003
0.00000003
0.00000002
0.00000002
0.00000002
0.00000002
0.00000003
0.00000003
0.00000003
0.00000003
0.00000004
0.00000004
0.00000003
0.00000004
0.00000004
0.00000003
0.00000002
0.00000002
0.00000002
0.00000002
0.00000002
0.00000003
0.00000003
0.00000002
0.00000002
0.00000003
0.00000003
0.00000003
0.00000003
0.00000003
0.00000003
0.00000003
0.00000003
0.00000004
0.00000005
0.00000004
0.00000002
0.00000002
0.00000002
0.00000002
0.00000002
0.00000002
0.00000003
0.00000003
0.00000003
0.00000003
0.00000002
0.00000003
0.00000003
0.00000002
0.00000003
0.00000002
0.00000003
0.00000003
0.00000001
0.00000001
0.00000002
0.00000001
0.00000002
0.00000002
0.00000001
0.00000001
0.00000002
0.00000002
0.00000003
0.00000002
0.00000002
0.00000002
0.00000002
0.00000002
0.00000002
0.00000002
0.00000002
0.00000001
0.00000002
0.00000003
0.00000002
0.00000001
0.00000002
0.00000002
0.00000002
0.00000001
0.00000001
0.00000002
0.00000002
0.00000002
0.00000003
0.00000003
0.00000002
0.00000002
0.00000003
0.00000002
0.00000002
0.00000002
0.00000002
0.00000002
0.00000003
0.00000002
0.00000002
0.00000003
0.00000002
0.00000002
0.00000002
0.00000002
0.00000002
0.00000002
0.00000002
0.00000003
0.00000003
0.00000003
0.00000003
0.00000002
0.00000001
0.00000002
0.00000002
0.00000002
0.00000002
0.00000003
0.00000003
0.00000004
0.00000003
0.00000002
0.00000002
0.00000003
0.00000003
0.00000003
0.00000003
0.00000002
0.00000002
0.00000003
0.00000002
0.00000002
0.00000002
0.00000003
0.00000002
0.00000003
0.00000002
0.00000002
0.00000002
0.00000002
0.00000002
0.00000002
0.00000002
0.00000002
0.00000002
0.00000002
0.00000002
0.00000002
0.00000002
0.00000002
0.00000002
0.00000002
0.00000002
0.00000002
0.00000002
0.00000003
0.00000002
0.00000001
0.00000001
0.00000001
0.00000002
0.00000001
0.00000001
0.00000002
0.00000001
0.00000001
0.00000001
0.00000002
0.00000002
0.00000002
0.00000002
0.00000002
0.00000001
0.00000001
0.00000001
0.00000001
0.00000001
0.00000002
0.00000001
0.00000001
0.00000002
0.00000002
0.00000001
0.00000001
0.00000001
0.00000001
0.00000001
0.00000001
0.00000001
0.00000001
0.00000001
0.00000001
0.00000001
0.00000001
0.00000001
0.00000001
0.00000001
0.00000001
0.00000001
0.00000001
0.00000002
0.00000001
0.00000001
0.00000001
0.00000001
0.00000001
0.00000001
0.00000001
0.00000000
0.00000001
0.00000001
0.00000001
0.00000001
0.00000001
0.00000001
0.00000001
0.00000001
0.00000001
0.00000002
0.00000001
0.00000001
0.00000001
0.00000001
0.00000001
0.00000001
0.00000001
0.00000001
0.00000001
0.00000001
0.00000001
0.00000001
0.00000001
0.00000001
0.00000001
0.00000001
0.00000001
0.00000001
0.00000001
0.00000001
0.00000002
0.00000002
0.00000001
0.00000001
0.00000001
0.00000001
0.00000001
0.00000001
0.00000001
0.00000001
0.00000001
0.00000001
0.00000001
0.00000001
0.00000001
0.00000001
0.00000001
0.00000001
0.00000001
0.00000001
0.00000001
0.00000001
0.00000001
0.00000001
0.00000001
0.00000001
0.00000001
0.00000001
0.00000001
0.00000001
0.00000001
0.00000001
0.00000001
0.00000001
0.00000001
0.00000001
0.00000001
0.00000001
0.00000001
0.00000001
0.00000001
0.00000001
0.00000001
0.00000001
0.00000001
0.00000001
0.00000001
0.00000001
0.00000001
0.00000001
0.00000001
0.00000001
0.00000001
0.00000001
0.00000001
0.00000001
0.00000001
0.00000001
0.00000001
0.00000001
0.00000001
0.00000001
0.00000001
0.00000001
0.00000001
0.00000001
0.00000001
0.00000001
0.00000001
0.00000001
0.00000001
0.00000001
0.00000001
0.00000001
0.00000001
0.00000001
0.00000001
0.00000001
0.00000001
0.00000001
0.00000001
0.00000000
0.00000001
0.00000001
0.00000001
0.00000001
0.00000001
0.00000001
0.00000001
0.00000001
0.00000001
0.00000001
0.00000001
0.00000001
0.00000001
0.00000000
0.00000001
0.00000001
0.00000001
0.00000001
0.00000001
0.00000001
0.00000001
0.00000001
0.00000001
0.00000001
0.00000001
0.00000001
0.00000001
0.00000001
0.00000001
0.00000001
0.00000001
0.00000001
0.00000001
0.00000001
0.00000001
0.00000001
0.00000001
0.00000000
0.00000001
0.00000001
0.00000001
0.00000001
0.00000001
0.00000001
0.00000001
0.00000001
0.00000001
0.00000001
0.00000001
0.00000001
0.00000001
0.00000001
0.00000001
0.00000001
0.00000001
0.00000001
0.00000001
0.00000000
0.00000001
0.00000001
0.00000001
0.00000001
0.00000000
0.00000001
0.00000001
0.00000001
0.00000001
0.00000001
0.00000001
0.00000001
0.00000001
0.00000001
0.00000001
0.00000001
0.00000001
0.00000001
0.00000001
0.00000001
0.00000001
0.00000001
0.00000001
0.00000001
0.00000001
0.00000001
0.00000001
0.00000001
0.00000001
0.00000001
0.00000001
0.00000001
0.00000001
0.00000001
0.00000001
0.00000001
0.00000001
0.00000001
0.00000001
0.00000001
0.00000001
0.00000001
0.00000001
0.00000002
0.00000002
0.00000002
0.00000001
0.00000001
0.00000002
0.00000002
0.00000002
0.00000002
0.00000002
0.00000001
0.00000001
0.00000001
0.00000001
0.00000001
0.00000002
0.00000001
0.00000001
0.00000002
0.00000002
0.00000001
0.00000002
0.00000002
0.00000002
0.00000001
0.00000001
0.00000001
0.00000001
0.00000001
0.00000001
0.00000001
0.00000001
0.00000001
0.00000001
0.00000001
0.00000001
0.00000001
0.00000002
0.00000002
0.00000002
0.00000002
0.00000002
0.00000002
0.00000002
0.00000001
0.00000001
0.00000001
0.00000001
0.00000001
0.00000001
0.00000001
0.00000001
0.00000001
0.00000002
0.00000002
0.00000001
0.00000002
0.00000002
0.00000002
0.00000002
0.00000001
0.00000001
0.00000001
0.00000001
0.00000001
0.00000001
0.00000001
0.00000001
0.00000001
0.00000001
0.00000001
0.00000001
0.00000001
0.00000001
0.00000001
0.00000001
0.00000001
0.00000001
0.00000001
0.00000001
0.00000001
0.00000001
0.00000001
0.00000001
0.00000001
0.00000001
0.00000001
0.00000001
0.00000001
0.00000001
0.00000002
0.00000001
0.00000001
0.00000001
0.00000001
0.00000001
0.00000001
0.00000001
0.00000001
0.00000001
0.00000001
0.00000001
0.00000001
0.00000001
0.00000001
0.00000001
0.00000001
0.00000002
0.00000002
0.00000001
0.00000002
0.00000001
0.00000001
0.00000001
0.00000001
0.00000001
0.00000001
0.00000001
0.00000001
0.00000001
0.00000001
0.00000001
0.00000001
0.00000001
0.00000001
0.00000001
0.00000001
0.00000001
0.00000001
0.00000001
0.00000001
0.00000001
0.00000001
0.00000001
0.00000001
0.00000001
0.00000001
0.00000001
0.00000001
0.00000001
0.00000001
0.00000001
0.00000001
0.00000001
0.00000001
0.00000001
0.00000001
0.00000001
0.00000001
0.00000001
0.00000001
0.00000001
0.00000002
0.00000001
0.00000001
0.00000001
0.00000001
0.00000001
0.00000001
0.00000001
0.00000001
0.00000001
0.00000001
0.00000001
0.00000001
0.00000001
0.00000001
0.00000001
0.00000001
0.00000001
0.00000001
0.00000001
0.00000001
0.00000001
0.00000001
0.00000001
0.00000001
0.00000001
0.00000001
0.00000001
0.00000001
0.00000001
0.00000001
0.00000001
0.00000001
0.00000001
0.00000001
0.00000001
0.00000001
0.00000001
0.00000001
0.00000001
0.00000001
0.00000001
0.00000001
0.00000001
0.00000001
0.00000001
0.00000001
0.00000001
0.00000001
0.00000001
0.00000001
0.00000001
0.00000001
0.00000001
0.00000001
0.00000001
0.00000001
0.00000001
0.00000001
0.00000001
0.00000001
0.00000001
0.00000001
0.00000001
0.00000001
0.00000001
0.00000001
0.00000001
0.00000001
0.00000001
0.00000001
0.00000001
0.00000001
0.00000001
0.00000001
0.00000001
0.00000001
0.00000001
0.00000001
0.00000001
