0.00000001
0.00000003
0.00000016
0.00000062
0.00000186
0.00000443
0.00000899
0.00001657
0.00002702
0.00005039
0.00009914
0.00020943
0.00055561
0.00074137
0.00034037
0.00012580
0.00005388
0.00002828
0.00001637
0.00001104
0.00000782
0.00000488
0.00000359
0.00000268
0.00000198
0.00000151
0.00000117
0.00000089
0.00000068
0.00000059
0.00000048
0.00000036
0.00000029
0.00000023
0.00000019
0.00000015
0.00000013
0.00000012
0.00000011
0.00000009
0.00000007
0.00000005
0.00000004
0.00000003
0.00000002
0.00000002
0.00000002
0.00000002
0.00000002
0.00000001
0.00000001
0.00000001
0.00000001
0.00000001
0.00000001
0.00000001
0.00000001
0.00000001
0.00000001
0.00000001
0.00000001
0.00000001
0.00000001
0.00000001
0.00000001
