403948361868494171585923559733592064.00000000
214135966983788221509758513580081152.00000000
175740605318112420164846044749758464.00000000
160877397317774300004484664627560448.00000000
176276931992171186966198660750114816.00000000
199073409990115512106551441419665408.00000000
167508124508979403537496346273513472.00000000
198372265906251943312293257612886016.00000000
161400993458237051034812009613885440.00000000
191819531062905274404605383493550080.00000000
170049214457389366290121410740224000.00000000
188130416089760138219640471601283072.00000000
212184353470846501461260092433235968.00000000
184322491522285506986264603903655936.00000000
208783268312005924931824807198064640.00000000
160440997836407492599861735845789696.00000000
172390887494861041229093772109807616.00000000
165646556984653450874919063381868544.00000000
192329753818177124745432792567906304.00000000
203803493985416347241803095392387072.00000000
185061873610402433132575204707401728.00000000
198284738493625965790203504775659520.00000000
154671574833563923724909459563085824.00000000
183163665273264503625042709757034496.00000000
154831435105616382894025469585260544.00000000
204592033725056824977364637565583360.00000000
194783358416577434985888180481294336.00000000
167407186881959270308577178564952064.00000000
203417772122660689226631259095040000.00000000
163276763291219368126969306886963200.00000000
206970400998298638906458006219653120.00000000
170191386514877639644823268691542016.00000000
176103494940098323620009530110246912.00000000
164721642434771429530882988847398912.00000000
166325198890144465096739720152481792.00000000
185303746738625542358905390750498816.00000000
139846083692996721176530489469566976.00000000
173943236691384259024270879564496896.00000000
163357971693066669499857975258382336.00000000
283189918980865239097287666370084864.00000000
249314243739217549919642708860731392.00000000
157415050700210416941998023238483968.00000000
172339688444482840516520017368449024.00000000
153230534102772186908858078644404224.00000000
198405271638133557335497608141996032.00000000
170790635155944282082511730107219968.00000000
191824132338569833818772251456045056.00000000
178109400522988932277917942181527552.00000000
180160214601737448815147942991101952.00000000
187007125009061069854704952154259456.00000000
166665403587777434891997636663967744.00000000
218880895349301545937497757491134464.00000000
172821767247128873772921155701702656.00000000
201114407669267372887893660573630464.00000000
175647864826550617538117204306821120.00000000
151810553394685731359847258785841152.00000000
172966390235646687679140845892665344.00000000
171790031363321432319384859843756032.00000000
215054706050192146874303002447970304.00000000
189595030350771195557910204251111424.00000000
218704750882471496937809780001472512.00000000
170553710577014945583816301921435648.00000000
167239694528698312517552330529308672.00000000
172831019873596391870481105294458880.00000000
192513653927304516976486353517674496.00000000
227024015413708093817089688776736768.00000000
173848590813515339751681457150492672.00000000
194616149705636114874390268264579072.00000000
162673708723281208404007993015795712.00000000
191889127519058924880732816874143744.00000000
201109184890762236008424360609054720.00000000
173975018209681281889806428785344512.00000000
195605570353353643970462410877173760.00000000
157280983278302310238622348505776128.00000000
191420635796831471907540669783080960.00000000
159395287068364774838707941042814976.00000000
186045238948478782022341766397558784.00000000
193972876768302607912325646936702976.00000000
228158982616815936687596412887629824.00000000
310819145834695234795052927884984320.00000000
154556172059171260507356340441579520.00000000
170741376678746797930166602323460096.00000000
160975919181841924467930665530163200.00000000
193809500178920604772931435740790784.00000000
184757152334831684257914220802211840.00000000
165427100982944322092523789932822528.00000000
184783605633567260676008459691360256.00000000
164515084552896096751647108230021120.00000000
194964152322246924603140061093953536.00000000
174110495574829951909730234979581952.00000000
213914872611746308922592475295514624.00000000
196707655176415013867580995363930112.00000000
168235578622701818956390015025807360.00000000
173852507774558338195375581938319360.00000000
151465960449611905592563174291275776.00000000
188711407215887900885795680118898688.00000000
162533110574154941042881588520550400.00000000
190611548039793678123765620822507520.00000000
172119410155803398621682568855027712.00000000
183949921684462607207237464524587008.00000000
186334606936420712246398149988450304.00000000
150622006433770129006258363417231360.00000000
191313723401884477134131492324114432.00000000
164576556444510712631658717755998208.00000000
215596307950749093808562361912524800.00000000
175369990286267653893035299239362560.00000000
170451105270033818572655908318347264.00000000
191642784863721909425511325868490752.00000000
167709240753203047438920383559892992.00000000
213126454790783393851000079830220800.00000000
158275773082021542355590390464118784.00000000
184562883782092424705631310602829824.00000000
151445737619442163296304049636245504.00000000
165259795548910057429620289399947264.00000000
165648638398699418552847379965411328.00000000
155615264567283931850803182278017024.00000000
197240452176620326769291775967232000.00000000
188033621073958744316291418171637760.00000000
277288590415696307840917111442505728.00000000
193248095153884964675476316747726848.00000000
161200519550139854353752410688585728.00000000
176780905042312317701303128601657344.00000000
173109077055178391141217046888448000.00000000
202607061336581470489684408778358784.00000000
170913966924773243512944611651747840.00000000
196565389336233235202241860797988864.00000000
157823875664796573173163073223000064.00000000
180185225672241905445558394969653248.00000000
178160712490871623267468279952703488.00000000
189914464451628091210449805769703424.00000000
224167960291543800113369329396875264.00000000
157368237471379685573722850298167296.00000000
177544499236453843210958666928750592.00000000
148604663873578918429975529218113536.00000000
180003356529309306962720188444704768.00000000
181747997822026223708237870869250048.00000000
191133630033459382454378094139539456.00000000
201175409942298774937103649654964224.00000000
165774749609995619910888602808090624.00000000
196684206088787641577107958521659392.00000000
154396641656262357939663705015844864.00000000
190377503052748319095438327135862784.00000000
178460488223269194550615596431572992.00000000
191494989508260469988736462491746304.00000000
189667020058523716715636911220195328.00000000
146137085668463350887876711040417792.00000000
187992614567033713770360414123589632.00000000
170370912865342467122431522666184704.00000000
216540198110484484139649491575767040.00000000
187538433681585890514871076463312896.00000000
171938468321618406842118281843703808.00000000
174720730399601441379489091787161600.00000000
149812516213461246514225901660536832.00000000
183477687659224509559469870659141632.00000000
152751073957886994801229296390111232.00000000
203318371111691583394190927417311232.00000000
183845281123854989697458138884603904.00000000
189444264844938725524431098370588672.00000000
199428462363613045090982759745191936.00000000
146106781804734246183784712557821952.00000000
193758955432502424472977018063945728.00000000
163814315516239681046285305147031552.00000000
187689390212686245048018418217779200.00000000
162102703423587458671179630748106752.00000000
177845041496180662315962276729847808.00000000
176324116515396816240032498216599552.00000000
171205959095139894011216747208638464.00000000
194367575646743308863457177293029376.00000000
178251716669342847606464545130807296.00000000
221163138115933119349729341512613888.00000000
169198652046727226260555538345492480.00000000
161536241340081966351652176890167296.00000000
151104136379127021146630738482823168.00000000
165352693574473944232715713614184448.00000000
194565344505691603187730130877284352.00000000
165982413024840299350722614722035712.00000000
199082185081735804169671867044462592.00000000
162418518977091948559293461431320576.00000000
190355253073637672620469627354349568.00000000
169141445440683915420267482695335936.00000000
163925745367666265638159376296443904.00000000
203264979579063738617865642788782080.00000000
175519859205031411890211025936449536.00000000
204961453700101705226972538255441920.00000000
149328176549795574623536645675155456.00000000
175232228484183829960010152772894720.00000000
180411190020685779718578108098412544.00000000
187711169279929089647563319772446720.00000000
207513976103930554091368404691714048.00000000
158943215724133122296060366297235456.00000000
189084939753559600271317971849183232.00000000
142568714875763961093662429509844992.00000000
169651328723549621951375984472096768.00000000
163378286845086579771368479207194624.00000000
199785568645472387572308626355781632.00000000
205849579135427443684536294844661760.00000000
178496113089400032710873917832560640.00000000
210221207519318741622083628776292352.00000000
157200725263440803045552362463690752.00000000
189448632766525069067286898278400000.00000000
182763590747262869638560734020370432.00000000
181773788654261448594499264535592960.00000000
176697192981315932404256931030499328.00000000
152263682671725663103148102921486336.00000000
182065584034048099722228874185015296.00000000
151092074507672419496998216832909312.00000000
198952391817276207795979522123235328.00000000
181912883419417396718507968180518912.00000000
197362747580610815214009524718403584.00000000
192567703566268714385072969197027328.00000000
144368478223333999824954188804128768.00000000
169506044381448429584720205946290176.00000000
154759533642619303119771618548645888.00000000
207613619849000954595922284415811584.00000000
170304224736615805045787439191293952.00000000
178453674885847682638655077815943168.00000000
168642398582361637001600890382057472.00000000
154173352154130174462865146881507328.00000000
180314696185117525742623864542724096.00000000
153675975335676686482517961492922368.00000000
204282099388315867493596466186813440.00000000
164073018477077633108073203739131904.00000000
174082379010182201616167403012489216.00000000
156314485846126255521014101496037376.00000000
159269630147635683172746675114475520.00000000
195991490614053245301142120514453504.00000000
175655897383068665316197169578901504.00000000
214350511180259945458050338171912192.00000000
162348307973345931117847868520529920.00000000
177055466012633542469614750027218944.00000000
157369191464228186187353830509772800.00000000
151759622624980436132417418590945280.00000000
175065987639250926309018453887942656.00000000
163787959724315511993653082502201344.00000000
210327689006854760656789596362768384.00000000
169283803015948323547642623361548288.00000000
181457284392000317672055435278942208.00000000
162572389230673856445034288535044096.00000000
172284346473661063535446679139385344.00000000
209918753457091021595246350055768064.00000000
164809153820938743752044344789434368.00000000
181006490019622711576109461249458176.00000000
151304387296984080458504479587696640.00000000
185784310267806854749561810594037760.00000000
159880059284356001371366686631919616.00000000
181783107332973849975084248522031104.00000000
196587263001844652404196756537999360.00000000
184920672624028162804117436381528064.00000000
201840031309643576178857667188490240.00000000
141158865022312134910764521745285120.00000000
170103957488204639380911878452543488.00000000
157451860130070486304218088954920960.00000000
195708137082576986089150239530287104.00000000
193445326670347231294355176211611648.00000000
171408512246647857921494451528663040.00000000
197285749436554176061980453619367936.00000000
157251741248826793872445708735348736.00000000
