0.00000000
0.00000000
0.00000000
0.00000000
0.00000000
0.00000001
0.00000001
0.00000002
0.00000004
0.00000006
0.00000010
0.00000013
0.00000020
0.00000028
0.00000037
0.00000048
0.00000060
0.00000077
0.00000097
0.00000161
0.00000229
0.00000262
0.00000417
0.00000714
0.00001214
0.00001950
0.00002032
0.00001297
0.00000671
0.00000404
0.00000257
0.00000152
0.00000111
0.00000082
0.00000058
0.00000046
0.00000035
0.00000027
0.00000022
0.00000022
0.00000017
0.00000012
0.00000011
0.00000009
0.00000008
0.00000007
0.00000006
0.00000005
0.00000004
0.00000004
0.00000003
0.00000003
0.00000003
0.00000002
0.00000002
0.00000002
0.00000001
0.00000001
0.00000001
0.00000001
0.00000001
0.00000001
0.00000001
0.00000001
0.00000001
0.00000001
0.00000000
0.00000000
0.00000000
0.00000000
0.00000000
0.00000000
0.00000000
0.00000000
0.00000000
0.00000000
0.00000000
0.00000000
0.00000000
0.00000000
0.00000000
0.00000000
0.00000000
0.00000000
0.00000000
0.00000000
0.00000000
0.00000000
0.00000000
0.00000000
0.00000000
0.00000000
0.00000000
0.00000000
0.00000000
0.00000000
0.00000000
0.00000000
0.00000000
0.00000000
0.00000000
0.00000000
0.00000000
0.00000000
0.00000000
0.00000000
0.00000000
0.00000000
0.00000000
0.00000000
0.00000000
0.00000000
0.00000000
0.00000000
0.00000000
0.00000000
0.00000000
0.00000000
0.00000000
0.00000000
0.00000000
0.00000000
0.00000000
0.00000000
0.00000000
0.00000000
0.00000000
0.00000000
0.00000000
