0.00000001
0.00000002
0.00000001
0.00000002
0.00000004
0.00000010
0.00000020
0.00000036
0.00000058
0.00000106
0.00000208
0.00000438
0.00001163
0.00001552
0.00000711
0.00000262
0.00000113
0.00000059
0.00000035
0.00000024
0.00000017
0.00000011
0.00000008
0.00000006
0.00000005
0.00000004
0.00000003
0.00000002
0.00000002
0.00000001
0.00000001
0.00000001
0.00000001
0.00000001
0.00000001
0.00000001
0.00000001
0.00000000
0.00000000
0.00000000
0.00000000
0.00000000
0.00000000
0.00000000
0.00000000
0.00000000
0.00000000
0.00000000
0.00000000
0.00000000
0.00000000
0.00000000
0.00000000
0.00000000
0.00000000
0.00000000
0.00000000
0.00000000
0.00000000
0.00000000
0.00000000
0.00000000
0.00000000
0.00000000
0.00000000
