0.00000001
0.00000004
0.00000003
0.00000001
0.00000001
0.00000001
0.00000002
0.00000003
0.00000004
0.00000007
0.00000011
0.00000014
0.00000020
0.00000028
0.00000037
0.00000049
0.00000061
0.00000077
0.00000098
0.00000162
0.00000231
0.00000262
0.00000417
0.00000715
0.00001214
0.00001950
0.00002034
0.00001297
0.00000670
0.00000402
0.00000255
0.00000152
0.00000111
0.00000081
0.00000057
0.00000046
0.00000035
0.00000027
0.00000023
0.00000023
0.00000017
0.00000012
0.00000011
0.00000009
0.00000008
0.00000007
0.00000006
0.00000005
0.00000005
0.00000004
0.00000004
0.00000003
0.00000003
0.00000003
0.00000002
0.00000002
0.00000002
0.00000002
0.00000001
0.00000001
0.00000001
0.00000001
0.00000001
0.00000001
0.00000001
0.00000001
0.00000001
0.00000001
0.00000001
0.00000001
0.00000001
0.00000000
0.00000001
0.00000001
0.00000001
0.00000000
0.00000000
0.00000000
0.00000000
0.00000000
0.00000000
0.00000000
0.00000000
0.00000000
0.00000000
0.00000000
0.00000000
0.00000000
0.00000000
0.00000000
0.00000000
0.00000000
0.00000000
0.00000000
0.00000000
0.00000000
0.00000000
0.00000000
0.00000000
0.00000000
0.00000000
0.00000000
0.00000000
0.00000000
0.00000000
0.00000000
0.00000000
0.00000000
0.00000000
0.00000000
0.00000000
0.00000000
0.00000000
0.00000000
0.00000000
0.00000000
0.00000000
0.00000000
0.00000000
0.00000000
0.00000000
0.00000000
0.00000000
0.00000000
0.00000000
0.00000000
0.00000000
0.00000000
0.00000000
