0.00007035
0.00005123
0.00004683
0.00004837
0.00004752
0.00004892
0.00005109
0.00004873
0.00004596
0.00004905
0.00005084
0.00004705
0.00004760
0.00004931
0.00004904
0.00004905
0.00004633
0.00004542
0.00004409
0.00005276
0.00005841
0.00004582
0.00004653
0.00004845
0.00004825
0.00005018
0.00005005
0.00004684
0.00004629
0.00005081
0.00005172
0.00004670
0.00005010
0.00005028
0.00004801
0.00004984
0.00004774
0.00004635
0.00004858
0.00005954
0.00005396
0.00004583
0.00004798
0.00004763
0.00004860
0.00005193
0.00004649
0.00004519
0.00004730
0.00004835
0.00004835
0.00004706
0.00004932
0.00004771
0.00004883
0.00004787
0.00004456
0.00004457
0.00004915
0.00005663
0.00004876
0.00004703
0.00004899
0.00004772
0.00004942
0.00005119
0.00004502
0.00004672
0.00005005
0.00004903
0.00004799
0.00004825
0.00004757
0.00004724
0.00005038
0.00004855
0.00004440
0.00004722
0.00004990
0.00004917
0.00004745
0.00004596
0.00004721
0.00004798
0.00005075
0.00004795
0.00004351
0.00004851
0.00004840
0.00004858
0.00004797
0.00004859
0.00004652
0.00004814
0.00004938
0.00004640
0.00004387
0.00004969
0.00004999
0.00004895
0.00004836
0.00004638
0.00004684
0.00004843
0.00005078
0.00004520
0.00004589
0.00004930
0.00004613
0.00004656
0.00004821
0.00004505
0.00004661
0.00004988
0.00004874
0.00004470
0.00004555
0.00004936
0.00004698
0.00004828
0.00004750
0.00004447
0.00004787
0.00004900
0.00004868
0.00004425
0.00004832
0.00004992
0.00004817
