0.00000027
0.00000087
0.00000112
0.00000108
0.00000096
0.00000107
0.00000135
0.00000115
0.00000115
0.00000106
0.00000092
0.00000110
0.00000128
0.00000117
0.00000123
0.00000094
0.00000095
0.00000109
0.00000149
0.00000150
0.00000117
0.00000124
0.00000139
0.00000119
0.00000101
0.00000111
0.00000066
0.00000073
0.00000074
0.00000067
0.00000136
0.00000129
0.00000121
0.00000144
0.00000140
0.00000092
0.00000101
0.00000165
0.00000173
0.00000164
0.00000127
0.00000095
0.00000133
0.00000153
0.00000125
0.00000104
0.00000082
0.00000045
0.00000092
0.00000112
0.00000121
0.00000155
0.00000158
0.00000117
0.00000099
0.00000133
0.00000126
0.00000147
0.00000150
0.00000150
0.00000120
0.00000083
0.00000111
0.00000113
0.00000097
0.00000092
0.00000081
0.00000105
0.00000100
0.00000126
0.00000155
0.00000155
0.00000150
0.00000147
0.00000127
0.00000116
0.00000164
0.00000132
0.00000089
0.00000124
0.00000172
0.00000130
0.00000103
0.00000093
0.00000073
0.00000083
0.00000081
0.00000093
0.00000108
0.00000148
0.00000161
0.00000146
0.00000210
0.00000186
0.00000144
0.00000107
0.00000123
0.00000125
0.00000127
0.00000114
0.00000099
0.00000130
0.00000132
0.00000134
0.00000109
0.00000071
0.00000090
0.00000134
0.00000140
0.00000122
0.00000184
0.00000153
0.00000128
0.00000142
0.00000149
0.00000159
0.00000103
0.00000072
0.00000093
0.00000121
0.00000127
0.00000102
0.00000117
0.00000103
0.00000089
0.00000091
0.00000091
0.00000081
0.00000100
0.00000126
0.00000120
0.00000170
0.00000164
0.00000133
0.00000115
0.00000117
0.00000089
0.00000085
0.00000086
0.00000077
0.00000114
0.00000119
0.00000121
0.00000126
0.00000109
0.00000157
0.00000148
0.00000141
0.00000119
0.00000128
0.00000164
0.00000141
0.00000166
0.00000169
0.00000114
0.00000095
0.00000116
0.00000106
0.00000119
0.00000130
0.00000095
0.00000118
0.00000151
0.00000142
0.00000136
0.00000170
0.00000135
0.00000113
0.00000140
0.00000139
0.00000143
0.00000118
0.00000129
0.00000112
0.00000090
0.00000090
0.00000073
0.00000101
0.00000094
0.00000096
0.00000124
0.00000107
0.00000125
0.00000167
0.00000171
0.00000136
0.00000130
0.00000090
0.00000079
0.00000093
0.00000105
0.00000116
0.00000109
0.00000101
0.00000095
0.00000107
0.00000110
0.00000085
0.00000093
0.00000130
0.00000173
0.00000141
0.00000155
0.00000144
0.00000166
0.00000192
0.00000103
0.00000127
0.00000130
0.00000098
0.00000090
0.00000108
0.00000127
0.00000116
0.00000118
0.00000092
0.00000093
0.00000109
0.00000088
0.00000094
0.00000094
0.00000146
0.00000213
0.00000222
0.00000139
0.00000139
0.00000119
0.00000083
0.00000091
0.00000098
0.00000128
0.00000077
0.00000092
0.00000093
0.00000114
0.00000170
0.00000137
0.00000104
0.00000129
0.00000147
0.00000120
0.00000151
0.00000182
0.00000144
0.00000164
0.00000148
0.00000108
0.00000100
0.00000113
0.00000103
0.00000093
0.00000078
0.00000097
0.00000126
0.00000099
0.00000140
0.00000147
0.00000119
0.00000120
0.00000114
0.00000137
0.00000100
0.00000104
0.00000145
0.00000143
0.00000096
0.00000086
0.00000088
0.00000061
0.00000079
0.00000091
0.00000103
0.00000159
0.00000103
0.00000111
0.00000133
0.00000145
0.00000145
0.00000148
0.00000113
0.00000124
0.00000149
0.00000129
0.00000113
0.00000097
0.00000101
0.00000081
0.00000070
0.00000069
0.00000064
0.00000099
0.00000100
0.00000116
0.00000141
0.00000138
0.00000122
0.00000124
0.00000129
0.00000107
0.00000100
0.00000093
0.00000134
0.00000139
0.00000124
0.00000123
0.00000106
0.00000102
0.00000083
0.00000090
0.00000093
0.00000087
0.00000112
0.00000130
0.00000121
0.00000268
0.00000680
0.00000292
0.00000112
0.00000132
0.00000130
0.00000121
0.00000120
0.00000106
0.00000098
0.00000088
0.00000090
0.00000103
0.00000133
0.00000110
0.00000100
0.00000090
0.00000086
0.00000121
0.00000161
0.00000150
0.00000119
0.00000137
0.00000136
0.00000106
0.00000100
0.00000094
0.00000062
0.00000058
0.00000084
0.00000101
0.00000150
0.00000120
0.00000109
0.00000106
0.00000113
0.00000093
0.00000124
0.00000179
0.00000148
0.00000152
0.00000127
0.00000097
0.00000144
0.00000155
0.00000102
0.00000092
0.00000081
0.00000054
0.00000128
0.00000119
0.00000096
0.00000127
0.00000132
0.00000125
0.00000123
0.00000151
0.00000131
0.00000115
0.00000137
0.00000151
0.00000144
0.00000097
0.00000123
0.00000118
0.00000078
0.00000076
0.00000078
0.00000121
0.00000107
0.00000148
0.00000179
0.00000128
0.00000130
0.00000142
0.00000121
0.00000120
0.00000152
0.00000119
0.00000093
0.00000141
0.00000186
0.00000149
0.00000088
0.00000073
0.00000054
0.00000122
0.00000111
0.00000097
0.00000117
0.00000118
0.00000107
0.00000141
0.00000226
0.00000219
0.00000151
0.00000102
0.00000101
0.00000127
0.00000130
0.00000120
0.00000119
0.00000129
0.00000122
0.00000090
0.00000081
0.00000070
0.00000098
0.00000148
0.00000144
0.00000110
0.00000162
0.00000184
0.00000159
0.00000143
0.00000114
0.00000129
0.00000109
0.00000071
0.00000105
0.00000117
0.00000120
0.00000097
0.00000123
0.00000105
0.00000095
0.00000100
0.00000085
0.00000067
0.00000076
0.00000133
0.00000146
0.00000175
0.00000167
0.00000107
0.00000114
0.00000111
0.00000090
0.00000091
0.00000091
0.00000090
0.00000112
0.00000100
0.00000102
0.00000144
0.00000132
0.00000167
0.00000148
0.00000104
0.00000106
0.00000142
0.00000185
0.00000166
0.00000154
0.00000143
0.00000096
0.00000088
0.00000125
0.00000146
0.00000104
0.00000130
0.00000095
0.00000120
0.00000183
0.00000171
0.00000150
0.00000167
0.00000117
0.00000115
0.00000177
0.00000161
0.00000153
0.00000127
0.00000109
0.00000111
0.00000099
0.00000091
0.00000062
0.00000097
0.00000093
0.00000091
0.00000129
0.00000110
0.00000123
0.00000153
0.00000160
0.00000121
0.00000097
0.00000115
0.00000106
0.00000127
0.00000122
0.00000104
0.00000097
0.00000086
0.00000094
0.00000130
0.00000124
0.00000077
0.00000097
0.00000128
0.00000179
0.00000193
0.00000168
0.00000148
0.00000150
0.00000176
0.00000109
0.00000131
0.00000146
0.00000113
0.00000103
0.00000120
0.00000150
0.00000119
0.00000117
0.00000104
0.00000087
0.00000101
0.00000094
0.00000103
0.00000108
0.00000158
0.00000186
0.00000177
0.00000116
0.00000152
0.00000145
0.00000089
0.00000084
0.00000083
0.00000087
0.00000085
0.00000093
0.00000108
0.00000130
0.00000155
0.00000115
0.00000100
0.00000127
0.00000145
0.00000127
0.00000162
0.00000199
0.00000161
0.00000193
0.00000152
0.00000090
0.00000104
0.00000100
0.00000102
0.00000101
0.00000084
0.00000118
0.00000162
0.00000108
0.00000113
0.00000123
0.00000109
0.00000144
0.00000151
0.00000157
0.00000114
0.00000105
0.00000137
0.00000149
0.00000125
0.00000095
0.00000101
0.00000070
0.00000072
0.00000076
0.00000109
0.00000154
0.00000098
0.00000091
0.00000118
0.00000149
0.00000158
0.00000150
0.00000113
0.00000108
0.00000136
0.00000135
0.00000130
0.00000126
0.00000107
0.00000071
0.00000071
0.00000073
0.00000063
0.00000115
0.00000119
0.00000170
0.00000170
0.00000132
0.00000119
0.00000114
0.00000127
0.00000129
0.00000105
0.00000106
0.00000162
0.00000183
0.00000144
0.00000133
0.00000090
0.00000094
0.00000095
0.00000103
0.00000127
0.00000103
0.00000120
0.00000105
0.00000096
0.00000223
0.00000660
0.00000345
0.00000136
0.00000139
0.00000108
0.00000118
0.00000125
0.00000115
0.00000123
0.00000096
0.00000092
0.00000085
0.00000102
0.00000083
0.00000083
0.00000090
0.00000093
0.00000117
0.00000160
0.00000192
0.00000131
0.00000137
0.00000124
0.00000079
0.00000082
0.00000101
0.00000090
0.00000079
0.00000098
0.00000115
0.00000151
0.00000127
0.00000100
0.00000109
0.00000121
0.00000098
0.00000134
0.00000170
0.00000155
0.00000136
0.00000144
0.00000114
0.00000145
0.00000133
0.00000100
0.00000110
0.00000089
0.00000056
0.00000106
0.00000126
0.00000095
0.00000121
0.00000136
0.00000136
0.00000102
0.00000123
0.00000127
0.00000113
0.00000153
0.00000171
0.00000138
0.00000092
0.00000082
0.00000101
0.00000090
0.00000084
0.00000086
0.00000134
0.00000102
0.00000147
0.00000165
0.00000122
0.00000128
0.00000126
0.00000112
0.00000139
0.00000152
0.00000133
0.00000108
0.00000150
0.00000173
0.00000130
0.00000090
0.00000081
0.00000065
0.00000126
0.00000125
0.00000114
0.00000133
0.00000125
0.00000120
0.00000159
0.00000213
0.00000199
0.00000134
0.00000116
0.00000118
0.00000160
0.00000142
0.00000121
0.00000112
0.00000110
0.00000113
0.00000080
0.00000066
0.00000071
0.00000093
0.00000115
0.00000130
0.00000126
0.00000163
0.00000167
0.00000140
0.00000112
0.00000084
0.00000123
0.00000097
0.00000070
0.00000111
0.00000106
0.00000100
0.00000087
0.00000124
0.00000125
0.00000103
0.00000110
0.00000081
0.00000075
0.00000094
0.00000156
0.00000175
0.00000171
0.00000158
0.00000125
0.00000114
0.00000110
0.00000095
0.00000087
0.00000071
0.00000104
0.00000123
0.00000113
0.00000110
0.00000125
0.00000104
0.00000145
0.00000148
0.00000108
0.00000129
0.00000148
0.00000156
0.00000138
0.00000133
0.00000121
0.00000104
0.00000106
0.00000103
0.00000113
0.00000079
0.00000099
0.00000106
0.00000127
0.00000160
0.00000148
0.00000139
0.00000144
0.00000124
0.00000124
0.00000171
0.00000161
0.00000144
0.00000129
0.00000100
0.00000107
0.00000102
0.00000078
0.00000055
0.00000108
0.00000103
0.00000093
0.00000130
0.00000109
0.00000134
0.00000142
0.00000147
0.00000144
0.00000114
0.00000128
0.00000111
0.00000107
0.00000112
0.00000121
0.00000119
0.00000098
0.00000089
0.00000082
0.00000085
0.00000065
0.00000110
0.00000154
0.00000181
0.00000181
0.00000157
0.00000117
0.00000136
0.00000172
0.00000114
0.00000129
0.00000129
0.00000110
0.00000107
0.00000107
0.00000128
0.00000106
0.00000088
0.00000102
0.00000094
0.00000095
0.00000084
0.00000099
0.00000102
0.00000145
0.00000186
0.00000176
0.00000135
0.00000151
0.00000136
0.00000087
0.00000105
0.00000105
0.00000098
0.00000113
0.00000105
0.00000105
0.00000090
0.00000125
0.00000120
0.00000112
0.00000141
0.00000120
0.00000119
0.00000164
0.00000220
0.00000186
0.00000192
0.00000122
0.00000071
0.00000085
0.00000090
0.00000113
0.00000115
0.00000093
0.00000105
0.00000128
0.00000103
0.00000106
0.00000118
0.00000114
0.00000151
0.00000139
0.00000143
0.00000124
0.00000094
0.00000131
0.00000145
0.00000108
0.00000094
0.00000089
0.00000072
0.00000064
0.00000077
0.00000097
0.00000132
0.00000098
0.00000105
0.00000137
0.00000130
0.00000133
0.00000111
0.00000112
0.00000144
0.00000171
0.00000132
0.00000108
0.00000102
0.00000082
0.00000061
0.00000055
0.00000079
0.00000081
0.00000101
0.00000123
0.00000155
0.00000148
0.00000127
0.00000136
0.00000124
0.00000123
0.00000119
0.00000115
0.00000125
0.00000162
0.00000171
0.00000118
0.00000121
0.00000110
0.00000111
0.00000106
0.00000104
0.00000101
0.00000085
0.00000108
0.00000122
0.00000116
0.00000213
0.00000504
0.00000289
0.00000111
0.00000132
0.00000126
0.00000130
0.00000126
0.00000129
0.00000129
0.00000091
0.00000092
0.00000075
0.00000094
0.00000071
0.00000077
0.00000115
0.00000098
0.00000128
0.00000167
0.00000186
0.00000134
0.00000123
0.00000132
0.00000114
0.00000087
0.00000095
0.00000097
0.00000073
0.00000081
0.00000109
0.00000161
0.00000151
0.00000101
0.00000086
0.00000111
0.00000094
0.00000144
0.00000185
0.00000144
0.00000122
0.00000138
0.00000112
0.00000159
0.00000127
0.00000095
0.00000124
0.00000090
0.00000051
0.00000123
0.00000152
0.00000108
0.00000094
0.00000113
0.00000139
0.00000139
0.00000151
0.00000158
0.00000114
0.00000137
0.00000151
0.00000129
0.00000103
0.00000088
0.00000100
0.00000084
0.00000075
0.00000078
0.00000119
0.00000115
0.00000142
0.00000165
0.00000110
0.00000130
0.00000119
0.00000108
0.00000133
0.00000124
0.00000120
0.00000112
0.00000149
0.00000187
0.00000136
0.00000083
0.00000072
0.00000068
0.00000109
0.00000147
0.00000131
0.00000155
0.00000138
0.00000104
0.00000145
0.00000181
0.00000177
0.00000147
0.00000125
0.00000126
0.00000166
0.00000159
0.00000144
0.00000133
0.00000104
0.00000096
0.00000056
0.00000053
0.00000069
0.00000099
0.00000135
0.00000130
0.00000118
0.00000136
0.00000171
0.00000147
0.00000118
0.00000089
0.00000094
0.00000078
0.00000087
0.00000120
0.00000109
0.00000092
0.00000092
0.00000122
0.00000118
0.00000090
0.00000118
0.00000090
0.00000079
0.00000099
0.00000156
0.00000185
0.00000169
0.00000160
0.00000118
0.00000119
0.00000104
0.00000093
0.00000110
0.00000089
0.00000116
0.00000131
0.00000115
0.00000114
0.00000118
0.00000129
0.00000173
0.00000154
0.00000098
0.00000136
0.00000151
0.00000166
0.00000167
0.00000149
0.00000117
0.00000093
0.00000093
0.00000108
0.00000118
0.00000081
0.00000105
0.00000104
0.00000109
0.00000151
0.00000146
0.00000149
0.00000142
0.00000112
0.00000127
0.00000175
0.00000169
0.00000141
0.00000125
0.00000103
0.00000095
0.00000099
0.00000081
0.00000070
0.00000104
0.00000121
0.00000100
0.00000111
0.00000123
0.00000132
0.00000136
0.00000141
0.00000148
0.00000116
0.00000152
0.00000147
0.00000129
0.00000135
0.00000119
0.00000101
0.00000083
0.00000084
0.00000094
0.00000092
0.00000073
0.00000108
0.00000153
0.00000163
0.00000171
0.00000155
0.00000131
0.00000134
0.00000154
0.00000110
0.00000107
0.00000134
0.00000133
0.00000116
0.00000106
0.00000111
0.00000083
0.00000071
0.00000098
0.00000085
0.00000109
0.00000091
0.00000094
0.00000117
0.00000164
0.00000181
0.00000138
0.00000107
0.00000126
0.00000138
0.00000102
0.00000122
0.00000111
0.00000127
0.00000125
0.00000100
0.00000105
0.00000098
0.00000110
0.00000130
0.00000121
0.00000148
0.00000127
0.00000139
0.00000178
0.00000215
0.00000165
0.00000178
0.00000138
0.00000089
0.00000100
0.00000108
0.00000121
0.00000110
0.00000068
0.00000094
0.00000144
0.00000137
0.00000129
0.00000111
0.00000087
0.00000118
0.00000150
0.00000156
0.00000142
0.00000102
0.00000124
0.00000131
0.00000106
0.00000097
0.00000099
0.00000091
0.00000064
0.00000092
0.00000099
0.00000120
0.00000074
0.00000093
0.00000126
0.00000128
0.00000127
0.00000123
0.00000144
0.00000161
0.00000139
0.00000115
0.00000096
0.00000108
0.00000104
0.00000092
0.00000065
0.00000071
0.00000074
0.00000111
0.00000135
0.00000167
0.00000167
0.00000137
0.00000134
0.00000110
0.00000124
0.00000150
0.00000110
0.00000133
0.00000171
0.00000176
0.00000128
0.00000117
0.00000102
0.00000097
0.00000091
0.00000091
0.00000117
0.00000092
0.00000120
0.00000120
0.00000109
0.00000162
0.00000243
0.00000197
0.00000126
0.00000135
0.00000129
0.00000134
0.00000124
0.00000127
0.00000136
0.00000087
0.00000078
0.00000064
0.00000085
0.00000094
0.00000088
0.00000125
0.00000110
0.00000121
0.00000153
0.00000188
0.00000166
0.00000157
0.00000149
0.00000108
0.00000082
0.00000092
0.00000087
0.00000078
0.00000093
0.00000151
0.00000150
0.00000122
0.00000088
0.00000064
0.00000107
0.00000118
0.00000156
0.00000166
0.00000128
0.00000100
0.00000133
0.00000114
0.00000133
0.00000115
0.00000089
0.00000109
0.00000079
0.00000061
0.00000113
0.00000144
0.00000091
0.00000098
0.00000119
0.00000143
0.00000135
0.00000135
0.00000137
0.00000115
0.00000133
0.00000172
0.00000135
0.00000101
0.00000091
0.00000092
0.00000074
0.00000074
0.00000100
0.00000136
0.00000111
0.00000132
0.00000150
0.00000114
0.00000130
0.00000135
0.00000130
0.00000138
0.00000112
0.00000117
0.00000140
0.00000156
0.00000171
0.00000117
0.00000080
0.00000063
0.00000075
0.00000130
0.00000160
0.00000134
0.00000152
0.00000136
0.00000091
0.00000131
0.00000185
0.00000193
0.00000135
0.00000123
0.00000137
0.00000164
0.00000161
0.00000128
0.00000117
0.00000098
0.00000079
0.00000052
0.00000058
0.00000077
0.00000103
0.00000120
0.00000120
0.00000118
0.00000136
0.00000175
0.00000148
0.00000093
0.00000070
0.00000087
0.00000100
0.00000104
0.00000122
0.00000098
0.00000068
0.00000073
0.00000107
0.00000131
0.00000100
0.00000125
0.00000105
0.00000079
0.00000125
0.00000159
0.00000196
0.00000174
0.00000137
0.00000106
0.00000118
0.00000116
0.00000102
0.00000104
0.00000093
0.00000111
0.00000109
0.00000117
0.00000118
0.00000110
0.00000121
0.00000140
0.00000135
0.00000106
0.00000149
0.00000167
0.00000164
0.00000152
0.00000125
0.00000106
0.00000106
0.00000109
0.00000119
0.00000107
0.00000064
0.00000070
0.00000118
0.00000126
0.00000143
0.00000137
0.00000139
0.00000141
0.00000123
0.00000130
0.00000168
0.00000171
0.00000146
0.00000142
0.00000104
0.00000080
0.00000102
0.00000078
0.00000078
0.00000098
0.00000107
0.00000097
0.00000127
0.00000123
0.00000127
0.00000115
0.00000114
0.00000165
0.00000123
0.00000166
0.00000160
0.00000112
0.00000135
0.00000121
0.00000108
0.00000108
0.00000098
0.00000080
0.00000071
0.00000054
0.00000113
0.00000182
0.00000162
0.00000163
0.00000155
0.00000106
0.00000120
0.00000145
0.00000129
0.00000119
0.00000131
0.00000126
0.00000130
0.00000105
0.00000092
0.00000074
0.00000054
0.00000104
0.00000085
0.00000100
0.00000122
0.00000107
0.00000130
0.00000157
0.00000150
0.00000123
0.00000122
0.00000135
0.00000126
0.00000113
0.00000113
0.00000125
0.00000113
0.00000122
0.00000111
0.00000111
0.00000099
0.00000096
0.00000113
0.00000128
0.00000146
0.00000111
0.00000123
0.00000168
0.00000205
0.00000189
0.00000182
0.00000145
0.00000080
0.00000077
0.00000105
0.00000107
0.00000100
0.00000083
0.00000113
0.00000126
0.00000127
0.00000101
0.00000098
0.00000118
0.00000140
0.00000163
0.00000164
0.00000144
0.00000105
0.00000116
0.00000116
0.00000091
0.00000098
0.00000109
0.00000090
0.00000069
0.00000095
0.00000090
0.00000090
0.00000076
0.00000093
0.00000138
0.00000142
0.00000104
0.00000110
0.00000141
0.00000147
0.00000140
0.00000114
0.00000083
0.00000113
0.00000107
0.00000087
0.00000073
0.00000074
0.00000100
0.00000123
0.00000138
0.00000176
0.00000166
0.00000132
0.00000137
0.00000127
0.00000146
0.00000158
0.00000116
0.00000146
0.00000173
0.00000170
0.00000125
0.00000102
0.00000084
0.00000087
0.00000105
0.00000121
0.00000141
0.00000099
0.00000109
0.00000122
0.00000113
0.00000151
0.00000206
0.00000184
0.00000135
0.00000136
0.00000132
0.00000118
0.00000121
0.00000133
0.00000142
0.00000103
0.00000092
0.00000070
0.00000075
0.00000082
0.00000089
0.00000139
0.00000126
0.00000125
0.00000168
0.00000195
0.00000155
0.00000129
0.00000139
0.00000129
0.00000102
0.00000109
0.00000120
0.00000100
0.00000085
0.00000119
0.00000118
0.00000141
0.00000100
0.00000080
0.00000111
0.00000119
0.00000160
0.00000177
0.00000129
0.00000089
0.00000143
0.00000133
0.00000120
0.00000096
0.00000074
0.00000112
0.00000095
0.00000073
0.00000104
0.00000144
0.00000100
0.00000071
0.00000098
0.00000136
0.00000121
0.00000136
0.00000164
0.00000120
0.00000131
0.00000168
0.00000110
0.00000111
0.00000092
0.00000078
0.00000092
0.00000071
0.00000092
0.00000126
0.00000120
0.00000118
0.00000127
0.00000123
0.00000134
0.00000136
0.00000144
0.00000166
0.00000109
0.00000117
0.00000148
0.00000138
0.00000150
0.00000109
0.00000085
0.00000096
0.00000098
0.00000113
0.00000160
0.00000138
0.00000132
0.00000137
0.00000112
0.00000141
0.00000160
0.00000141
0.00000120
0.00000130
0.00000145
0.00000159
0.00000179
0.00000133
0.00000113
0.00000083
0.00000064
0.00000045
0.00000048
0.00000091
0.00000121
0.00000126
0.00000122
0.00000108
0.00000132
0.00000151
0.00000130
0.00000108
0.00000097
0.00000098
0.00000104
0.00000123
0.00000110
0.00000084
0.00000066
0.00000080
0.00000107
0.00000123
0.00000098
0.00000135
0.00000113
0.00000096
0.00000151
0.00000170
0.00000198
0.00000176
0.00000121
0.00000111
0.00000112
0.00000121
0.00000125
0.00000113
0.00000088
0.00000106
0.00000113
0.00000102
0.00000122
0.00000092
0.00000108
0.00000144
0.00000138
0.00000122
0.00000145
0.00000155
0.00000152
0.00000153
0.00000125
0.00000100
0.00000101
0.00000119
0.00000109
0.00000081
0.00000059
0.00000073
0.00000116
0.00000112
0.00000117
0.00000124
0.00000134
0.00000146
0.00000129
0.00000145
0.00000151
0.00000152
0.00000134
0.00000121
0.00000104
0.00000091
0.00000121
0.00000091
0.00000074
0.00000096
0.00000118
0.00000108
0.00000124
0.00000127
0.00000128
0.00000104
0.00000115
0.00000173
0.00000151
0.00000174
0.00000177
0.00000106
0.00000123
0.00000120
0.00000100
0.00000107
0.00000096
0.00000067
0.00000063
0.00000069
0.00000100
0.00000152
0.00000140
0.00000126
0.00000133
0.00000099
0.00000121
0.00000142
0.00000121
0.00000104
0.00000131
0.00000140
0.00000120
0.00000097
0.00000073
0.00000056
0.00000058
0.00000085
0.00000098
0.00000134
0.00000136
0.00000123
0.00000135
0.00000133
0.00000145
0.00000138
0.00000138
0.00000124
0.00000127
0.00000127
0.00000126
0.00000134
0.00000137
0.00000136
0.00000114
0.00000105
0.00000082
0.00000084
0.00000124
0.00000129
0.00000160
0.00000122
0.00000116
0.00000180
0.00000190
0.00000166
0.00000149
0.00000126
0.00000100
0.00000105
0.00000111
0.00000123
0.00000109
0.00000066
0.00000091
0.00000095
0.00000124
0.00000117
0.00000109
0.00000138
0.00000128
0.00000139
0.00000144
0.00000150
0.00000109
0.00000126
0.00000119
0.00000084
0.00000104
0.00000118
0.00000100
0.00000064
0.00000089
0.00000096
0.00000088
0.00000080
0.00000096
0.00000123
0.00000130
0.00000094
0.00000117
0.00000154
0.00000176
0.00000145
0.00000109
0.00000074
0.00000096
0.00000109
0.00000102
0.00000086
0.00000079
0.00000089
0.00000102
0.00000133
0.00000141
0.00000141
0.00000145
0.00000146
0.00000146
0.00000159
0.00000162
0.00000114
0.00000147
0.00000164
0.00000128
0.00000114
0.00000090
0.00000088
0.00000101
0.00000112
0.00000119
0.00000125
0.00000108
0.00000117
0.00000130
0.00000130
0.00000144
0.00000149
0.00000129
0.00000123
0.00000114
0.00000123
0.00000113
0.00000116
0.00000149
0.00000132
0.00000088
0.00000075
0.00000061
0.00000079
0.00000107
0.00000121
0.00000168
0.00000138
0.00000113
0.00000163
0.00000157
0.00000154
0.00000148
0.00000156
0.00000160
0.00000125
0.00000115
0.00000111
0.00000086
0.00000068
0.00000116
0.00000135
0.00000129
0.00000092
0.00000056
0.00000101
0.00000129
0.00000160
0.00000163
0.00000117
0.00000091
0.00000140
0.00000124
0.00000101
0.00000079
0.00000083
0.00000121
0.00000109
0.00000063
0.00000092
0.00000128
0.00000099
0.00000082
0.00000112
0.00000134
0.00000132
0.00000152
0.00000153
0.00000140
0.00000117
0.00000141
0.00000115
0.00000112
0.00000117
0.00000093
0.00000081
0.00000066
0.00000092
0.00000121
0.00000116
0.00000100
0.00000116
0.00000136
0.00000146
0.00000154
0.00000156
0.00000151
0.00000102
0.00000112
0.00000153
0.00000151
0.00000152
0.00000097
0.00000086
0.00000082
0.00000100
0.00000125
0.00000151
0.00000146
0.00000144
0.00000147
0.00000108
0.00000118
0.00000132
0.00000134
0.00000139
0.00000153
0.00000151
0.00000136
0.00000161
0.00000123
0.00000095
0.00000087
0.00000048
0.00000046
0.00000074
0.00000095
0.00000116
0.00000126
0.00000115
0.00000106
0.00000136
0.00000156
0.00000127
0.00000092
0.00000109
0.00000097
0.00000123
0.00000158
0.00000122
0.00000075
0.00000063
0.00000075
0.00000104
0.00000117
0.00000093
0.00000120
0.00000134
0.00000094
0.00000173
0.00000178
0.00000166
0.00000171
0.00000119
0.00000109
0.00000131
0.00000127
0.00000105
0.00000115
0.00000116
0.00000111
0.00000103
0.00000102
0.00000117
0.00000089
0.00000122
0.00000143
0.00000131
0.00000136
0.00000162
0.00000162
0.00000141
0.00000152
0.00000127
0.00000117
0.00000118
0.00000116
0.00000124
0.00000083
0.00000027
