0.00000001
0.00000001
0.00000002
0.00000005
0.00000011
0.00000026
0.00000056
0.00000101
0.00000170
0.00000301
0.00000469
0.00000638
0.00000937
0.00001308
0.00001749
0.00002284
0.00002848
0.00003686
0.00004695
0.00007741
0.00011046
0.00012614
0.00020069
0.00034339
0.00058264
0.00093549
0.00097537
0.00062280
0.00032278
0.00019438
0.00012357
0.00007325
0.00005342
0.00003940
0.00002772
0.00002200
0.00001651
0.00001265
0.00001069
0.00001063
0.00000820
0.00000562
0.00000496
0.00000417
0.00000367
0.00000342
0.00000269
0.00000227
0.00000206
0.00000181
0.00000157
0.00000134
0.00000123
0.00000102
0.00000094
0.00000081
0.00000067
0.00000061
0.00000061
0.00000061
0.00000046
0.00000038
0.00000037
0.00000033
0.00000030
0.00000028
0.00000023
0.00000021
0.00000020
0.00000018
0.00000016
0.00000015
0.00000014
0.00000013
0.00000013
0.00000013
0.00000012
0.00000011
0.00000010
0.00000008
0.00000007
0.00000006
0.00000005
0.00000004
0.00000004
0.00000003
0.00000002
0.00000002
0.00000003
0.00000003
0.00000002
0.00000002
0.00000002
0.00000002
0.00000002
0.00000002
0.00000002
0.00000002
0.00000001
0.00000001
0.00000001
0.00000001
0.00000001
0.00000001
0.00000001
0.00000001
0.00000001
0.00000001
0.00000001
0.00000001
0.00000001
0.00000001
0.00000001
0.00000001
0.00000001
0.00000001
0.00000001
0.00000001
0.00000001
0.00000001
0.00000001
0.00000001
0.00000001
0.00000001
0.00000001
0.00000001
0.00000001
0.00000001
0.00000001
