0.00000000
0.00000000
0.00000000
0.00000000
0.00000000
0.00000000
0.00000000
0.00000000
0.00000001
0.00000001
0.00000002
0.00000002
0.00000003
0.00000004
0.00000006
0.00000007
0.00000008
0.00000012
0.00000016
0.00000019
0.00000025
0.00000025
0.00000035
0.00000056
0.00000051
0.00000061
0.00000070
0.00000084
0.00000102
0.00000116
0.00000134
0.00000117
0.00000144
0.00000197
0.00000183
0.00000219
0.00000279
0.00000317
0.00000391
0.00000384
0.00000445
0.00000510
0.00000499
0.00000518
0.00000497
0.00000636
0.00000801
0.00000640
0.00000763
0.00000972
0.00001202
0.00001216
0.00001141
0.00001238
0.00001174
0.00001517
0.00001985
0.00001550
0.00001771
0.00002113
0.00002304
0.00002383
0.00002213
0.00002269
0.00002639
0.00002599
0.00002907
0.00002519
0.00003594
0.00004050
0.00004050
0.00003767
0.00003462
0.00004701
0.00004952
0.00005351
0.00006014
0.00005015
0.00011029
0.00017746
0.00009014
0.00007923
0.00008889
0.00010417
0.00011960
0.00010296
0.00013285
0.00014045
0.00018893
0.00022502
0.00021204
0.00023660
0.00030930
0.00033895
0.00038493
0.00037511
0.00057065
0.00058563
0.00071591
0.00082984
0.00078066
0.00094393
0.00125175
0.00094673
0.00088126
0.00075338
0.00080267
0.00068907
0.00055109
0.00047965
0.00030541
0.00029487
0.00028913
0.00021669
0.00020282
0.00019377
0.00018023
0.00016318
0.00013371
0.00013939
0.00012072
0.00010039
0.00007861
0.00005964
0.00006574
0.00006271
0.00004981
0.00004655
0.00005144
0.00005564
0.00004428
0.00003838
0.00003666
0.00002743
0.00003194
0.00003045
0.00002160
0.00002229
0.00002285
0.00002457
0.00002136
0.00001675
0.00001758
0.00001573
0.00001633
0.00001428
0.00001114
0.00001245
0.00001292
0.00001186
0.00001035
0.00000915
0.00001138
0.00000870
0.00001030
0.00000864
0.00000726
0.00001389
0.00001591
0.00000740
0.00000577
0.00000482
0.00000645
0.00000547
0.00000477
0.00000537
0.00000479
0.00000538
0.00000533
0.00000412
0.00000404
0.00000400
0.00000409
0.00000346
0.00000346
0.00000391
0.00000331
0.00000369
0.00000329
0.00000303
0.00000344
0.00000359
0.00000294
0.00000226
0.00000216
0.00000258
0.00000209
0.00000206
0.00000225
0.00000176
0.00000218
0.00000188
0.00000171
0.00000176
0.00000172
0.00000177
0.00000159
0.00000148
0.00000176
0.00000163
0.00000151
0.00000122
0.00000115
0.00000140
0.00000135
0.00000113
0.00000102
0.00000130
0.00000139
0.00000110
0.00000103
0.00000097
0.00000085
0.00000110
0.00000104
0.00000087
0.00000081
0.00000086
0.00000103
0.00000074
0.00000072
0.00000070
0.00000070
0.00000068
0.00000059
0.00000051
0.00000063
0.00000063
0.00000062
0.00000044
0.00000054
0.00000060
0.00000052
0.00000058
0.00000051
0.00000043
0.00000089
0.00000075
0.00000049
0.00000035
0.00000037
0.00000047
0.00000038
0.00000035
0.00000039
0.00000036
0.00000041
0.00000038
0.00000033
0.00000034
0.00000036
0.00000032
0.00000026
0.00000029
0.00000031
0.00000026
0.00000031
0.00000027
0.00000028
0.00000029
0.00000030
0.00000027
0.00000019
0.00000021
0.00000024
0.00000018
0.00000020
0.00000020
0.00000018
0.00000021
0.00000018
0.00000019
0.00000019
0.00000019
0.00000019
0.00000016
0.00000016
0.00000018
0.00000016
0.00000015
0.00000012
0.00000013
0.00000015
0.00000015
0.00000013
0.00000010
0.00000014
0.00000014
0.00000012
0.00000011
0.00000010
0.00000010
0.00000011
0.00000010
0.00000010
0.00000009
0.00000011
0.00000011
0.00000009
0.00000009
0.00000008
0.00000008
0.00000008
0.00000007
0.00000006
0.00000007
0.00000008
0.00000007
0.00000006
0.00000007
0.00000007
0.00000006
0.00000007
0.00000005
0.00000005
0.00000007
0.00000007
0.00000005
0.00000004
0.00000005
0.00000006
0.00000004
0.00000004
0.00000004
0.00000004
0.00000004
0.00000004
0.00000004
0.00000004
0.00000004
0.00000004
0.00000003
0.00000004
0.00000003
0.00000003
0.00000003
0.00000003
0.00000003
0.00000003
0.00000003
0.00000003
0.00000002
0.00000003
0.00000002
0.00000002
0.00000002
0.00000002
0.00000002
0.00000002
0.00000002
0.00000002
0.00000002
0.00000002
0.00000002
0.00000002
0.00000002
0.00000002
0.00000002
0.00000002
0.00000001
0.00000001
0.00000002
0.00000002
0.00000001
0.00000001
0.00000002
0.00000001
0.00000001
0.00000001
0.00000001
0.00000001
0.00000001
0.00000001
0.00000001
0.00000001
0.00000001
0.00000001
0.00000001
0.00000001
0.00000001
0.00000001
0.00000001
0.00000001
0.00000001
0.00000001
0.00000001
0.00000001
0.00000001
0.00000001
0.00000001
0.00000001
0.00000001
0.00000001
0.00000000
0.00000001
0.00000001
0.00000000
0.00000000
0.00000000
0.00000000
0.00000000
0.00000000
0.00000000
0.00000000
0.00000000
0.00000000
0.00000000
0.00000000
0.00000000
0.00000000
0.00000000
0.00000000
0.00000000
0.00000000
0.00000000
0.00000000
0.00000000
0.00000000
0.00000000
0.00000000
0.00000000
0.00000000
0.00000000
0.00000000
0.00000000
0.00000000
0.00000000
0.00000000
0.00000000
0.00000000
0.00000000
0.00000000
0.00000000
0.00000000
0.00000000
0.00000000
0.00000000
0.00000000
0.00000000
0.00000000
0.00000000
0.00000000
0.00000000
0.00000000
0.00000000
0.00000000
0.00000000
0.00000000
0.00000000
0.00000000
0.00000000
0.00000000
0.00000000
0.00000000
0.00000000
0.00000000
0.00000000
0.00000000
0.00000000
0.00000000
0.00000000
0.00000000
0.00000000
0.00000000
0.00000000
0.00000000
0.00000000
0.00000000
0.00000000
0.00000000
0.00000000
0.00000000
0.00000000
0.00000000
0.00000000
0.00000000
0.00000000
0.00000000
0.00000000
0.00000000
0.00000000
0.00000000
0.00000000
0.00000000
0.00000000
0.00000000
0.00000000
0.00000000
0.00000000
0.00000000
0.00000000
0.00000000
0.00000000
0.00000000
0.00000000
0.00000000
0.00000000
0.00000000
0.00000000
0.00000000
0.00000000
0.00000000
0.00000000
0.00000000
0.00000000
0.00000000
0.00000000
0.00000000
0.00000000
0.00000000
0.00000000
0.00000000
0.00000000
