0.00000000
0.00000000
0.00000000
0.00000000
0.00000000
0.00000000
0.00000000
0.00000000
0.00000000
0.00000000
0.00000000
0.00000000
0.00000000
0.00000000
0.00000000
0.00000000
0.00000000
0.00000000
0.00000000
0.00000000
0.00000000
0.00000000
0.00000000
0.00000000
0.00000000
0.00000000
0.00000000
0.00000000
0.00000000
0.00000000
0.00000001
0.00000001
0.00000001
0.00000001
0.00000001
0.00000001
0.00000001
0.00000002
0.00000002
0.00000002
0.00000002
0.00000002
0.00000002
0.00000003
0.00000003
0.00000002
0.00000002
0.00000001
0.00000003
0.00000004
0.00000004
0.00000006
0.00000007
0.00000005
0.00000005
0.00000007
0.00000007
0.00000009
0.00000010
0.00000011
0.00000009
0.00000007
0.00000010
0.00000011
0.00000010
0.00000010
0.00000009
0.00000013
0.00000013
0.00000017
0.00000022
0.00000024
0.00000024
0.00000025
0.00000023
0.00000022
0.00000033
0.00000028
0.00000020
0.00000029
0.00000043
0.00000034
0.00000028
0.00000027
0.00000022
0.00000027
0.00000027
0.00000033
0.00000040
0.00000058
0.00000065
0.00000062
0.00000093
0.00000086
0.00000069
0.00000054
0.00000065
0.00000069
0.00000073
0.00000068
0.00000062
0.00000085
0.00000089
0.00000095
0.00000080
0.00000054
0.00000072
0.00000111
0.00000120
0.00000110
0.00000171
0.00000146
0.00000128
0.00000148
0.00000160
0.00000177
0.00000118
0.00000087
0.00000116
0.00000156
0.00000169
0.00000141
0.00000167
0.00000152
0.00000136
0.00000143
0.00000148
0.00000136
0.00000175
0.00000227
0.00000223
0.00000327
0.00000323
0.00000270
0.00000242
0.00000254
0.00000199
0.00000198
0.00000204
0.00000188
0.00000288
0.00000309
0.00000324
0.00000348
0.00000311
0.00000459
0.00000443
0.00000437
0.00000377
0.00000420
0.00000550
0.00000488
0.00000591
0.00000616
0.00000427
0.00000364
0.00000458
0.00000428
0.00000497
0.00000555
0.00000416
0.00000532
0.00000695
0.00000670
0.00000659
0.00000846
0.00000686
0.00000587
0.00000751
0.00000760
0.00000802
0.00000676
0.00000758
0.00000672
0.00000557
0.00000568
0.00000470
0.00000669
0.00000630
0.00000670
0.00000874
0.00000777
0.00000925
0.00001262
0.00001323
0.00001071
0.00001049
0.00000742
0.00000667
0.00000806
0.00000922
0.00001038
0.00001001
0.00000949
0.00000912
0.00001045
0.00001097
0.00000864
0.00000963
0.00001381
0.00001860
0.00001545
0.00001739
0.00001648
0.00001946
0.00002286
0.00001248
0.00001576
0.00001639
0.00001256
0.00001175
0.00001438
0.00001721
0.00001610
0.00001662
0.00001323
0.00001359
0.00001620
0.00001334
0.00001450
0.00001479
0.00002349
0.00003472
0.00003692
0.00002352
0.00002401
0.00002078
0.00001477
0.00001654
0.00001824
0.00002403
0.00001463
0.00001790
0.00001833
0.00002301
0.00003494
0.00002854
0.00002208
0.00002778
0.00003235
0.00002655
0.00003435
0.00004194
0.00003369
0.00003914
0.00003595
0.00002668
0.00002501
0.00002880
0.00002675
0.00002456
0.00002107
0.00002636
0.00003495
0.00002786
0.00004011
0.00004276
0.00003525
0.00003589
0.00003468
0.00004254
0.00003154
0.00003352
0.00004720
0.00004749
0.00003223
0.00002954
0.00003053
0.00002158
0.00002874
0.00003336
0.00003854
0.00006027
0.00003944
0.00004337
0.00005282
0.00005879
0.00005968
0.00006190
0.00004814
0.00005382
0.00006530
0.00005745
0.00005155
0.00004481
0.00004765
0.00003898
0.00003385
0.00003422
0.00003209
0.00005073
0.00005236
0.00006162
0.00007621
0.00007609
0.00006800
0.00007074
0.00007509
0.00006304
0.00006016
0.00005699
0.00008352
0.00008837
0.00008013
0.00008110
0.00007087
0.00006961
0.00005784
0.00006380
0.00006704
0.00006425
0.00008432
0.00009978
0.00009425
0.00021549
0.00055308
0.00023883
0.00009430
0.00011415
0.00011397
0.00010860
0.00010996
0.00009935
0.00009360
0.00008567
0.00008972
0.00010514
0.00013856
0.00011693
0.00010860
0.00010010
0.00009764
0.00014107
0.00019122
0.00018201
0.00014759
0.00017474
0.00017735
0.00014158
0.00013634
0.00013099
0.00008929
0.00008625
0.00012637
0.00015605
0.00023966
0.00019489
0.00018266
0.00018179
0.00019810
0.00016753
0.00023237
0.00034379
0.00029029
0.00030838
0.00026241
0.00020931
0.00031841
0.00035212
0.00023943
0.00022253
0.00019963
0.00013984
0.00034130
0.00032481
0.00027270
0.00037151
0.00039530
0.00039086
0.00039580
0.00050331
0.00044992
0.00040945
0.00050751
0.00057701
0.00057217
0.00040004
0.00052573
0.00051790
0.00035628
0.00036049
0.00038416
0.00061921
0.00056158
0.00081901
0.00101879
0.00076150
0.00079916
0.00090500
0.00080116
0.00082186
0.00107794
0.00086924
0.00070477
0.00111708
0.00151558
0.00125010
0.00075425
0.00065293
0.00048702
0.00115798
0.00106713
0.00095341
0.00117601
0.00119852
0.00109431
0.00146937
0.00238052
0.00230088
0.00159337
0.00107571
0.00106298
0.00132520
0.00134569
0.00124964
0.00120048
0.00127569
0.00118410
0.00085113
0.00075260
0.00062889
0.00085793
0.00125323
0.00118867
0.00086771
0.00123096
0.00135906
0.00113340
0.00098747
0.00075015
0.00080753
0.00066509
0.00041289
0.00058755
0.00063048
0.00062402
0.00047858
0.00058406
0.00048180
0.00041334
0.00042243
0.00034560
0.00025896
0.00028136
0.00047394
0.00050319
0.00057960
0.00053434
0.00032756
0.00033703
0.00031389
0.00024729
0.00023959
0.00023133
0.00021904
0.00026692
0.00022886
0.00022277
0.00030624
0.00027004
0.00033088
0.00028555
0.00019372
0.00018865
0.00024577
0.00031063
0.00027169
0.00024256
0.00021909
0.00014247
0.00012655
0.00017370
0.00019861
0.00013644
0.00016589
0.00011812
0.00014408
0.00021314
0.00019390
0.00016599
0.00017927
0.00012227
0.00011579
0.00017481
0.00015527
0.00014291
0.00011640
0.00009725
0.00009641
0.00008357
0.00007555
0.00004997
0.00007575
0.00007173
0.00006748
0.00009407
0.00007800
0.00008547
0.00010323
0.00010603
0.00007856
0.00006101
0.00007108
0.00006420
0.00007527
0.00007028
0.00005897
0.00005387
0.00004651
0.00004947
0.00006699
0.00006298
0.00003844
0.00004724
0.00006087
0.00008330
0.00008811
0.00007532
0.00006496
0.00006414
0.00007411
0.00004511
0.00005291
0.00005815
0.00004399
0.00003955
0.00004481
0.00005532
0.00004280
0.00004130
0.00003637
0.00002955
0.00003382
0.00003088
0.00003338
0.00003415
0.00004918
0.00005679
0.00005329
0.00003414
0.00004397
0.00004144
0.00002496
0.00002302
0.00002249
0.00002305
0.00002215
0.00002390
0.00002722
0.00003229
0.00003780
0.00002769
0.00002361
0.00002940
0.00003309
0.00002853
0.00003581
0.00004347
0.00003456
0.00004069
0.00003161
0.00001849
0.00002091
0.00001978
0.00001987
0.00001937
0.00001600
0.00002187
0.00002984
0.00001952
0.00002019
0.00002164
0.00001881
0.00002448
0.00002528
0.00002603
0.00001869
0.00001690
0.00002168
0.00002319
0.00001934
0.00001445
0.00001507
0.00001033
0.00001048
0.00001093
0.00001539
0.00002148
0.00001351
0.00001237
0.00001582
0.00001970
0.00002058
0.00001924
0.00001439
0.00001353
0.00001678
0.00001646
0.00001562
0.00001495
0.00001250
0.00000819
0.00000811
0.00000824
0.00000699
0.00001258
0.00001286
0.00001816
0.00001791
0.00001375
0.00001224
0.00001158
0.00001267
0.00001274
0.00001032
0.00001018
0.00001545
0.00001724
0.00001342
0.00001218
0.00000817
0.00000843
0.00000842
0.00000899
0.00001094
0.00000880
0.00001015
0.00000874
0.00000788
0.00001803
0.00005294
0.00002759
0.00001065
0.00001081
0.00000831
0.00000891
0.00000939
0.00000850
0.00000898
0.00000693
0.00000659
0.00000600
0.00000712
0.00000571
0.00000567
0.00000607
0.00000618
0.00000772
0.00001046
0.00001242
0.00000840
0.00000862
0.00000776
0.00000491
0.00000502
0.00000610
0.00000538
0.00000467
0.00000575
0.00000663
0.00000863
0.00000722
0.00000562
0.00000605
0.00000661
0.00000532
0.00000716
0.00000901
0.00000811
0.00000705
0.00000742
0.00000581
0.00000728
0.00000660
0.00000492
0.00000537
0.00000432
0.00000267
0.00000501
0.00000589
0.00000442
0.00000555
0.00000616
0.00000612
0.00000453
0.00000538
0.00000553
0.00000486
0.00000650
0.00000724
0.00000578
0.00000383
0.00000336
0.00000411
0.00000364
0.00000333
0.00000340
0.00000521
0.00000393
0.00000563
0.00000624
0.00000458
0.00000475
0.00000465
0.00000407
0.00000500
0.00000542
0.00000471
0.00000379
0.00000519
0.00000594
0.00000444
0.00000305
0.00000270
0.00000214
0.00000413
0.00000407
0.00000365
0.00000422
0.00000394
0.00000374
0.00000491
0.00000652
0.00000605
0.00000404
0.00000345
0.00000346
0.00000469
0.00000413
0.00000347
0.00000319
0.00000311
0.00000315
0.00000222
0.00000181
0.00000192
0.00000250
0.00000306
0.00000343
0.00000330
0.00000422
0.00000431
0.00000357
0.00000282
0.00000211
0.00000304
0.00000238
0.00000171
0.00000267
0.00000253
0.00000238
0.00000204
0.00000289
0.00000290
0.00000236
0.00000249
0.00000183
0.00000167
0.00000208
0.00000341
0.00000381
0.00000367
0.00000337
0.00000265
0.00000240
0.00000228
0.00000195
0.00000177
0.00000143
0.00000210
0.00000244
0.00000223
0.00000215
0.00000243
0.00000201
0.00000275
0.00000280
0.00000202
0.00000239
0.00000272
0.00000286
0.00000250
0.00000239
0.00000216
0.00000184
0.00000185
0.00000178
0.00000195
0.00000135
0.00000167
0.00000177
0.00000211
0.00000265
0.00000243
0.00000226
0.00000231
0.00000198
0.00000196
0.00000269
0.00000252
0.00000223
0.00000198
0.00000152
0.00000161
0.00000153
0.00000117
0.00000081
0.00000157
0.00000149
0.00000134
0.00000185
0.00000154
0.00000187
0.00000198
0.00000204
0.00000198
0.00000155
0.00000172
0.00000148
0.00000142
0.00000147
0.00000158
0.00000155
0.00000126
0.00000114
0.00000104
0.00000107
0.00000081
0.00000136
0.00000188
0.00000219
0.00000218
0.00000188
0.00000139
0.00000159
0.00000201
0.00000132
0.00000149
0.00000147
0.00000125
0.00000121
0.00000119
0.00000141
0.00000116
0.00000096
0.00000110
0.00000101
0.00000101
0.00000088
0.00000103
0.00000106
0.00000150
0.00000191
0.00000179
0.00000136
0.00000150
0.00000135
0.00000086
0.00000102
0.00000102
0.00000094
0.00000108
0.00000099
0.00000099
0.00000084
0.00000116
0.00000110
0.00000102
0.00000128
0.00000108
0.00000106
0.00000145
0.00000193
0.00000163
0.00000166
0.00000105
0.00000060
0.00000072
0.00000076
0.00000094
0.00000095
0.00000076
0.00000086
0.00000103
0.00000083
0.00000085
0.00000093
0.00000090
0.00000117
0.00000108
0.00000109
0.00000094
0.00000071
0.00000098
0.00000108
0.00000080
0.00000069
0.00000065
0.00000052
0.00000046
0.00000055
0.00000068
0.00000093
0.00000068
0.00000073
0.00000094
0.00000089
0.00000090
0.00000075
0.00000075
0.00000095
0.00000112
0.00000086
0.00000070
0.00000066
0.00000052
0.00000038
0.00000035
0.00000049
0.00000050
0.00000062
0.00000075
0.00000094
0.00000089
0.00000076
0.00000081
0.00000073
0.00000072
0.00000069
0.00000067
0.00000072
0.00000092
0.00000097
0.00000066
0.00000067
0.00000061
0.00000061
0.00000058
0.00000056
0.00000054
0.00000045
0.00000057
0.00000064
0.00000060
0.00000110
0.00000259
0.00000148
0.00000056
0.00000066
0.00000063
0.00000064
0.00000062
0.00000063
0.00000063
0.00000044
0.00000044
0.00000036
0.00000044
0.00000034
0.00000036
0.00000053
0.00000045
0.00000058
0.00000076
0.00000084
0.00000060
0.00000055
0.00000058
0.00000050
0.00000038
0.00000041
0.00000042
0.00000031
0.00000034
0.00000046
0.00000067
0.00000062
0.00000042
0.00000035
0.00000045
0.00000038
0.00000058
0.00000073
0.00000057
0.00000048
0.00000053
0.00000043
0.00000061
0.00000048
0.00000036
0.00000046
0.00000034
0.00000019
0.00000045
0.00000056
0.00000039
0.00000034
0.00000041
0.00000049
0.00000049
0.00000053
0.00000055
0.00000039
0.00000047
0.00000051
0.00000044
0.00000035
0.00000029
0.00000033
0.00000027
0.00000024
0.00000025
0.00000038
0.00000037
0.00000045
0.00000052
0.00000034
0.00000040
0.00000037
0.00000033
0.00000041
0.00000038
0.00000036
0.00000034
0.00000044
0.00000055
0.00000040
0.00000024
0.00000021
0.00000019
0.00000031
0.00000041
0.00000037
0.00000043
0.00000038
0.00000029
0.00000040
0.00000049
0.00000048
0.00000039
0.00000033
0.00000033
0.00000044
0.00000041
0.00000037
0.00000034
0.00000027
0.00000024
0.00000014
0.00000013
0.00000017
0.00000024
0.00000033
0.00000032
0.00000028
0.00000033
0.00000041
0.00000035
0.00000028
0.00000021
0.00000022
0.00000018
0.00000020
0.00000027
0.00000025
0.00000021
0.00000021
0.00000027
0.00000026
0.00000020
0.00000026
0.00000019
0.00000017
0.00000021
0.00000033
0.00000039
0.00000035
0.00000033
0.00000024
0.00000024
0.00000021
0.00000019
0.00000022
0.00000018
0.00000023
0.00000026
0.00000022
0.00000022
0.00000023
0.00000025
0.00000033
0.00000029
0.00000018
0.00000025
0.00000028
0.00000030
0.00000030
0.00000027
0.00000021
0.00000017
0.00000016
0.00000019
0.00000021
0.00000014
0.00000018
0.00000018
0.00000019
0.00000026
0.00000025
0.00000025
0.00000024
0.00000018
0.00000021
0.00000028
0.00000027
0.00000023
0.00000020
0.00000016
0.00000015
0.00000015
0.00000013
0.00000011
0.00000016
0.00000018
0.00000015
0.00000017
0.00000018
0.00000020
0.00000020
0.00000021
0.00000021
0.00000017
0.00000022
0.00000021
0.00000018
0.00000019
0.00000017
0.00000014
0.00000011
0.00000012
0.00000013
0.00000012
0.00000010
0.00000014
0.00000020
0.00000021
0.00000022
0.00000020
0.00000017
0.00000017
0.00000019
0.00000014
0.00000013
0.00000017
0.00000016
0.00000014
0.00000013
0.00000013
0.00000010
0.00000008
0.00000012
0.00000010
0.00000013
0.00000011
0.00000011
0.00000013
0.00000019
0.00000020
0.00000015
0.00000012
0.00000014
0.00000015
0.00000011
0.00000013
0.00000012
0.00000014
0.00000013
0.00000011
0.00000011
0.00000010
0.00000011
0.00000013
0.00000012
0.00000015
0.00000013
0.00000014
0.00000018
0.00000021
0.00000016
0.00000017
0.00000013
0.00000009
0.00000010
0.00000010
0.00000011
0.00000010
0.00000006
0.00000009
0.00000013
0.00000012
0.00000012
0.00000010
0.00000008
0.00000010
0.00000013
0.00000014
0.00000012
0.00000009
0.00000011
0.00000011
0.00000009
0.00000008
0.00000008
0.00000007
0.00000005
0.00000007
0.00000008
0.00000010
0.00000006
0.00000007
0.00000010
0.00000010
0.00000010
0.00000009
0.00000011
0.00000012
0.00000010
0.00000009
0.00000007
0.00000008
0.00000008
0.00000007
0.00000005
0.00000005
0.00000005
0.00000008
0.00000010
0.00000012
0.00000012
0.00000010
0.00000009
0.00000007
0.00000008
0.00000010
0.00000007
0.00000009
0.00000011
0.00000012
0.00000008
0.00000008
0.00000007
0.00000006
0.00000006
0.00000006
0.00000007
0.00000006
0.00000007
0.00000007
0.00000007
0.00000010
0.00000015
0.00000012
0.00000007
0.00000008
0.00000008
0.00000008
0.00000007
0.00000007
0.00000008
0.00000005
0.00000004
0.00000004
0.00000005
0.00000005
0.00000005
0.00000007
0.00000006
0.00000006
0.00000008
0.00000010
0.00000009
0.00000008
0.00000008
0.00000006
0.00000004
0.00000005
0.00000004
0.00000004
0.00000005
0.00000007
0.00000007
0.00000006
0.00000004
0.00000003
0.00000005
0.00000006
0.00000007
0.00000008
0.00000006
0.00000005
0.00000006
0.00000005
0.00000006
0.00000005
0.00000004
0.00000005
0.00000003
0.00000003
0.00000005
0.00000006
0.00000004
0.00000004
0.00000005
0.00000006
0.00000006
0.00000006
0.00000006
0.00000005
0.00000005
0.00000007
0.00000005
0.00000004
0.00000004
0.00000004
0.00000003
0.00000003
0.00000004
0.00000005
0.00000004
0.00000005
0.00000005
0.00000004
0.00000005
0.00000005
0.00000005
0.00000005
0.00000004
0.00000004
0.00000005
0.00000005
0.00000006
0.00000004
0.00000003
0.00000002
0.00000002
0.00000004
0.00000005
0.00000004
0.00000005
0.00000004
0.00000003
0.00000004
0.00000006
0.00000006
0.00000004
0.00000004
0.00000004
0.00000005
0.00000005
0.00000004
0.00000003
0.00000003
0.00000002
0.00000002
0.00000002
0.00000002
0.00000003
0.00000003
0.00000003
0.00000003
0.00000004
0.00000005
0.00000004
0.00000002
0.00000002
0.00000002
0.00000003
0.00000003
0.00000003
0.00000003
0.00000002
0.00000002
0.00000003
0.00000003
0.00000002
0.00000003
0.00000003
0.00000002
0.00000003
0.00000004
0.00000005
0.00000004
0.00000003
0.00000002
0.00000003
0.00000003
0.00000002
0.00000002
0.00000002
0.00000002
0.00000002
0.00000003
0.00000003
0.00000002
0.00000003
0.00000003
0.00000003
0.00000002
0.00000003
0.00000003
0.00000003
0.00000003
0.00000002
0.00000002
0.00000002
0.00000002
0.00000002
0.00000002
0.00000001
0.00000001
0.00000002
0.00000002
0.00000003
0.00000003
0.00000003
0.00000003
0.00000002
0.00000002
0.00000003
0.00000003
0.00000003
0.00000002
0.00000002
0.00000001
0.00000002
0.00000001
0.00000001
0.00000002
0.00000002
0.00000002
0.00000002
0.00000002
0.00000002
0.00000002
0.00000002
0.00000003
0.00000002
0.00000003
0.00000002
0.00000002
0.00000002
0.00000002
0.00000002
0.00000002
0.00000001
0.00000001
0.00000001
0.00000001
0.00000002
0.00000003
0.00000002
0.00000002
0.00000002
0.00000001
0.00000002
0.00000002
0.00000002
0.00000002
0.00000002
0.00000002
0.00000002
0.00000001
0.00000001
0.00000001
0.00000001
0.00000001
0.00000001
0.00000001
0.00000001
0.00000001
0.00000002
0.00000002
0.00000002
0.00000001
0.00000001
0.00000002
0.00000001
0.00000001
0.00000001
0.00000001
0.00000001
0.00000001
0.00000001
0.00000001
0.00000001
0.00000001
0.00000001
0.00000001
0.00000001
0.00000001
0.00000001
0.00000002
0.00000002
0.00000002
0.00000002
0.00000001
0.00000001
0.00000001
0.00000001
0.00000001
0.00000001
0.00000001
0.00000001
0.00000001
0.00000001
0.00000001
0.00000001
0.00000001
0.00000001
0.00000001
0.00000001
0.00000001
0.00000001
0.00000001
0.00000001
0.00000001
0.00000001
0.00000001
0.00000001
0.00000001
0.00000001
0.00000001
0.00000001
0.00000001
0.00000001
0.00000001
0.00000001
0.00000001
0.00000001
0.00000001
0.00000001
0.00000001
0.00000001
0.00000001
0.00000001
0.00000001
0.00000001
0.00000000
0.00000000
0.00000001
0.00000001
0.00000001
0.00000001
0.00000001
0.00000001
0.00000001
0.00000001
0.00000001
0.00000001
0.00000001
0.00000001
0.00000001
0.00000001
0.00000001
0.00000001
0.00000000
0.00000000
0.00000001
0.00000001
0.00000001
0.00000001
0.00000001
0.00000001
0.00000001
0.00000001
0.00000001
0.00000001
0.00000001
0.00000001
0.00000001
0.00000001
0.00000001
0.00000001
0.00000001
0.00000000
0.00000000
0.00000000
0.00000000
0.00000000
0.00000000
0.00000001
0.00000001
0.00000001
0.00000001
0.00000001
0.00000001
0.00000001
0.00000001
0.00000001
0.00000000
0.00000000
0.00000000
0.00000000
0.00000000
0.00000000
0.00000000
0.00000001
0.00000000
0.00000000
0.00000000
0.00000000
0.00000001
0.00000001
0.00000000
0.00000000
0.00000000
0.00000000
0.00000000
0.00000000
0.00000000
0.00000000
0.00000000
0.00000000
0.00000000
0.00000000
0.00000000
0.00000000
0.00000000
0.00000000
0.00000000
0.00000000
0.00000000
0.00000000
0.00000000
0.00000000
0.00000000
0.00000000
0.00000000
0.00000000
0.00000000
0.00000000
0.00000000
0.00000000
0.00000000
0.00000000
0.00000000
0.00000000
0.00000000
0.00000000
0.00000000
0.00000000
0.00000000
0.00000000
0.00000000
0.00000000
0.00000000
0.00000000
0.00000000
0.00000000
0.00000000
0.00000000
0.00000000
0.00000000
0.00000000
0.00000000
0.00000000
0.00000000
0.00000000
0.00000000
0.00000000
0.00000000
0.00000000
0.00000000
0.00000000
0.00000000
0.00000000
0.00000000
0.00000000
0.00000000
0.00000000
0.00000000
0.00000000
0.00000000
0.00000000
0.00000000
0.00000000
0.00000000
0.00000000
0.00000000
0.00000000
0.00000000
0.00000000
0.00000000
0.00000000
0.00000000
0.00000000
0.00000000
0.00000000
0.00000000
0.00000000
0.00000000
0.00000000
0.00000000
0.00000000
0.00000000
0.00000000
0.00000000
0.00000000
0.00000000
0.00000000
0.00000000
0.00000000
0.00000000
0.00000000
0.00000000
0.00000000
0.00000000
0.00000000
0.00000000
0.00000000
0.00000000
0.00000000
0.00000000
0.00000000
0.00000000
0.00000000
0.00000000
0.00000000
0.00000000
0.00000000
0.00000000
0.00000000
0.00000000
0.00000000
0.00000000
0.00000000
0.00000000
0.00000000
0.00000000
0.00000000
0.00000000
0.00000000
0.00000000
0.00000000
0.00000000
0.00000000
0.00000000
0.00000000
0.00000000
0.00000000
0.00000000
0.00000000
0.00000000
0.00000000
0.00000000
0.00000000
0.00000000
0.00000000
0.00000000
0.00000000
0.00000000
0.00000000
0.00000000
0.00000000
0.00000000
0.00000000
0.00000000
0.00000000
0.00000000
0.00000000
0.00000000
0.00000000
0.00000000
0.00000000
0.00000000
0.00000000
0.00000000
0.00000000
0.00000000
0.00000000
0.00000000
0.00000000
0.00000000
0.00000000
0.00000000
0.00000000
0.00000000
0.00000000
0.00000000
0.00000000
0.00000000
0.00000000
0.00000000
0.00000000
0.00000000
0.00000000
0.00000000
0.00000000
0.00000000
0.00000000
0.00000000
0.00000000
0.00000000
0.00000000
0.00000000
0.00000000
0.00000000
0.00000000
0.00000000
0.00000000
0.00000000
0.00000000
0.00000000
0.00000000
0.00000000
0.00000000
0.00000000
0.00000000
0.00000000
0.00000000
0.00000000
0.00000000
0.00000000
0.00000000
0.00000000
0.00000000
0.00000000
0.00000000
0.00000000
0.00000000
0.00000000
0.00000000
0.00000000
0.00000000
0.00000000
0.00000000
0.00000000
0.00000000
0.00000000
0.00000000
0.00000000
0.00000000
0.00000000
0.00000000
0.00000000
0.00000000
0.00000000
0.00000000
0.00000000
0.00000000
0.00000000
0.00000000
0.00000000
0.00000000
0.00000000
0.00000000
0.00000000
0.00000000
0.00000000
0.00000000
0.00000000
0.00000000
0.00000000
0.00000000
0.00000000
0.00000000
0.00000000
0.00000000
0.00000000
0.00000000
0.00000000
0.00000000
0.00000000
0.00000000
0.00000000
0.00000000
0.00000000
0.00000000
0.00000000
0.00000000
0.00000000
0.00000000
0.00000000
0.00000000
0.00000000
0.00000000
0.00000000
0.00000000
0.00000000
0.00000000
0.00000000
0.00000000
0.00000000
0.00000000
0.00000000
0.00000000
0.00000000
0.00000000
0.00000000
0.00000000
0.00000000
0.00000000
0.00000000
0.00000000
0.00000000
0.00000000
0.00000000
0.00000000
0.00000000
0.00000000
0.00000000
0.00000000
0.00000000
0.00000000
0.00000000
0.00000000
0.00000000
0.00000000
0.00000000
0.00000000
0.00000000
0.00000000
0.00000000
0.00000000
0.00000000
0.00000000
0.00000000
0.00000000
0.00000000
0.00000000
0.00000000
0.00000000
0.00000000
0.00000000
0.00000000
0.00000000
0.00000000
0.00000000
0.00000000
0.00000000
0.00000000
0.00000000
0.00000000
0.00000000
0.00000000
0.00000000
0.00000000
0.00000000
0.00000000
0.00000000
0.00000000
0.00000000
0.00000000
0.00000000
0.00000000
0.00000000
0.00000000
0.00000000
0.00000000
0.00000000
0.00000000
0.00000000
0.00000000
0.00000000
0.00000000
0.00000000
0.00000000
0.00000000
0.00000000
0.00000000
0.00000000
0.00000000
0.00000000
0.00000000
0.00000000
0.00000000
0.00000000
0.00000000
0.00000000
0.00000000
0.00000000
0.00000000
0.00000000
0.00000000
0.00000000
0.00000000
0.00000000
0.00000000
0.00000000
0.00000000
0.00000000
0.00000000
0.00000000
0.00000000
0.00000000
0.00000000
0.00000000
0.00000000
0.00000000
0.00000000
0.00000000
0.00000000
0.00000000
0.00000000
0.00000000
0.00000000
0.00000000
0.00000000
0.00000000
0.00000000
0.00000000
0.00000000
0.00000000
0.00000000
0.00000000
0.00000000
0.00000000
0.00000000
0.00000000
0.00000000
0.00000000
0.00000000
0.00000000
0.00000000
0.00000000
0.00000000
0.00000000
0.00000000
0.00000000
0.00000000
0.00000000
0.00000000
0.00000000
0.00000000
0.00000000
0.00000000
0.00000000
0.00000000
0.00000000
0.00000000
0.00000000
0.00000000
0.00000000
0.00000000
0.00000000
0.00000000
0.00000000
0.00000000
0.00000000
