0.00000000
0.00000000
0.00000000
0.00000000
0.00000000
0.00000000
0.00000000
0.00000000
0.00000000
0.00000000
0.00000000
0.00000000
0.00000000
0.00000000
0.00000000
0.00000000
0.00000000
0.00000000
0.00000000
0.00000000
0.00000000
0.00000000
0.00000000
0.00000000
0.00000000
0.00000000
0.00000000
0.00000000
0.00000000
0.00000000
0.00000000
0.00000000
0.00000000
0.00000000
0.00000000
0.00000000
0.00000000
0.00000000
0.00000000
0.00000000
0.00000001
0.00000001
0.00000000
0.00000001
0.00000001
0.00000001
0.00000001
0.00000001
0.00000001
0.00000001
0.00000001
0.00000002
0.00000001
0.00000001
0.00000002
0.00000002
0.00000003
0.00000003
0.00000002
0.00000002
0.00000003
0.00000003
0.00000003
0.00000002
0.00000003
0.00000004
0.00000005
0.00000004
0.00000004
0.00000004
0.00000005
0.00000006
0.00000006
0.00000007
0.00000007
0.00000009
0.00000010
0.00000008
0.00000007
0.00000009
0.00000009
0.00000011
0.00000013
0.00000012
0.00000012
0.00000013
0.00000012
0.00000011
0.00000010
0.00000011
0.00000013
0.00000017
0.00000021
0.00000017
0.00000013
0.00000016
0.00000018
0.00000017
0.00000019
0.00000019
0.00000028
0.00000031
0.00000034
0.00000027
0.00000025
0.00000023
0.00000027
0.00000028
0.00000024
0.00000024
0.00000030
0.00000054
0.00000049
0.00000035
0.00000029
0.00000037
0.00000034
0.00000046
0.00000045
0.00000042
0.00000050
0.00000061
0.00000063
0.00000050
0.00000046
0.00000039
0.00000049
0.00000061
0.00000064
0.00000061
0.00000066
0.00000064
0.00000072
0.00000057
0.00000048
0.00000063
0.00000089
0.00000076
0.00000098
0.00000096
0.00000094
0.00000097
0.00000084
0.00000074
0.00000056
0.00000078
0.00000107
0.00000128
0.00000120
0.00000111
0.00000107
0.00000142
0.00000124
0.00000115
0.00000111
0.00000122
0.00000162
0.00000481
0.00000514
0.00000188
0.00000183
0.00000177
0.00000162
0.00000179
0.00000199
0.00000159
0.00000239
0.00000300
0.00000290
0.00000260
0.00000207
0.00000162
0.00000304
0.00000359
0.00000328
0.00000352
0.00000498
0.00000520
0.00000444
0.00000545
0.00000428
0.00000399
0.00000569
0.00000637
0.00000647
0.00000792
0.00000772
0.00000888
0.00000873
0.00000806
0.00000619
0.00000946
0.00001376
0.00001431
0.00001412
0.00001445
0.00001469
0.00001750
0.00001961
0.00001277
0.00001675
0.00001753
0.00002003
0.00002964
0.00003495
0.00002058
0.00002114
0.00002202
0.00002152
0.00001582
0.00001229
0.00001813
0.00001750
0.00002078
0.00001708
0.00001375
0.00000879
0.00001042
0.00000978
0.00000860
0.00000650
0.00000468
0.00000746
0.00000893
0.00000644
0.00000487
0.00000421
0.00000417
0.00000460
0.00000472
0.00000491
0.00000362
0.00000420
0.00000482
0.00000348
0.00000252
0.00000293
0.00000256
0.00000281
0.00000321
0.00000272
0.00000231
0.00000259
0.00000199
0.00000163
0.00000122
0.00000118
0.00000133
0.00000143
0.00000169
0.00000141
0.00000118
0.00000119
0.00000109
0.00000092
0.00000107
0.00000089
0.00000106
0.00000142
0.00000118
0.00000107
0.00000087
0.00000081
0.00000077
0.00000081
0.00000067
0.00000055
0.00000055
0.00000079
0.00000087
0.00000068
0.00000048
0.00000040
0.00000042
0.00000050
0.00000055
0.00000042
0.00000049
0.00000056
0.00000068
0.00000051
0.00000033
0.00000034
0.00000035
0.00000043
0.00000036
0.00000035
0.00000041
0.00000037
0.00000034
0.00000035
0.00000024
0.00000019
0.00000029
0.00000028
0.00000026
0.00000034
0.00000027
0.00000028
0.00000028
0.00000021
0.00000017
0.00000016
0.00000024
0.00000027
0.00000023
0.00000021
0.00000018
0.00000023
0.00000024
0.00000016
0.00000015
0.00000016
0.00000016
0.00000026
0.00000061
0.00000031
0.00000016
0.00000016
0.00000015
0.00000011
0.00000010
0.00000010
0.00000011
0.00000017
0.00000017
0.00000012
0.00000010
0.00000009
0.00000010
0.00000014
0.00000012
0.00000010
0.00000012
0.00000014
0.00000012
0.00000011
0.00000010
0.00000007
0.00000008
0.00000010
0.00000010
0.00000009
0.00000009
0.00000010
0.00000009
0.00000007
0.00000006
0.00000006
0.00000008
0.00000009
0.00000008
0.00000007
0.00000008
0.00000008
0.00000008
0.00000006
0.00000005
0.00000007
0.00000007
0.00000008
0.00000010
0.00000008
0.00000006
0.00000007
0.00000006
0.00000005
0.00000003
0.00000004
0.00000006
0.00000007
0.00000006
0.00000005
0.00000004
0.00000004
0.00000004
0.00000005
0.00000004
0.00000003
0.00000004
0.00000006
0.00000005
0.00000004
0.00000003
0.00000003
0.00000004
0.00000004
0.00000004
0.00000004
0.00000004
0.00000005
0.00000004
0.00000003
0.00000003
0.00000003
0.00000003
0.00000004
0.00000004
0.00000004
0.00000004
0.00000004
0.00000003
0.00000002
0.00000002
0.00000003
0.00000003
0.00000003
0.00000004
0.00000003
0.00000003
0.00000003
0.00000003
0.00000002
0.00000002
0.00000003
0.00000004
0.00000003
0.00000003
0.00000003
0.00000002
0.00000002
0.00000002
0.00000002
0.00000002
0.00000002
0.00000002
0.00000003
0.00000003
0.00000002
0.00000002
0.00000002
0.00000002
0.00000002
0.00000002
0.00000002
0.00000002
0.00000003
0.00000003
0.00000001
0.00000001
0.00000002
0.00000002
0.00000002
0.00000001
0.00000002
0.00000002
0.00000002
0.00000002
0.00000001
0.00000001
0.00000001
0.00000001
0.00000001
0.00000001
0.00000001
0.00000002
0.00000001
0.00000001
0.00000001
0.00000001
0.00000001
0.00000001
0.00000001
0.00000001
0.00000001
0.00000001
0.00000001
0.00000001
0.00000001
0.00000001
0.00000001
0.00000001
0.00000002
0.00000003
0.00000001
0.00000001
0.00000001
0.00000001
0.00000001
0.00000001
0.00000001
0.00000001
0.00000001
0.00000001
0.00000001
0.00000001
0.00000001
0.00000001
0.00000001
0.00000001
0.00000001
0.00000001
0.00000001
0.00000001
0.00000001
0.00000001
0.00000001
0.00000001
0.00000001
0.00000001
0.00000001
0.00000001
0.00000001
0.00000001
0.00000001
0.00000000
0.00000001
0.00000001
0.00000001
0.00000001
0.00000001
0.00000001
0.00000001
0.00000001
0.00000000
0.00000000
0.00000001
0.00000001
0.00000001
0.00000001
0.00000001
0.00000001
0.00000001
0.00000000
0.00000000
0.00000000
0.00000000
0.00000001
0.00000001
0.00000000
0.00000000
0.00000000
0.00000000
0.00000000
0.00000000
0.00000000
0.00000000
0.00000001
0.00000001
0.00000000
0.00000000
0.00000000
0.00000000
0.00000000
0.00000000
0.00000000
0.00000000
0.00000000
0.00000000
0.00000000
0.00000000
0.00000000
0.00000000
0.00000000
0.00000000
0.00000000
0.00000000
0.00000000
0.00000000
0.00000000
0.00000000
0.00000000
0.00000000
0.00000000
0.00000000
0.00000000
0.00000000
0.00000000
0.00000000
0.00000000
0.00000000
0.00000000
0.00000000
0.00000000
0.00000000
0.00000000
0.00000000
0.00000000
0.00000000
0.00000000
0.00000000
0.00000000
0.00000000
0.00000000
0.00000000
0.00000000
0.00000000
0.00000000
0.00000000
0.00000000
0.00000000
0.00000000
0.00000000
0.00000000
0.00000000
0.00000000
0.00000000
0.00000000
0.00000000
0.00000000
0.00000000
0.00000000
0.00000000
0.00000000
0.00000000
0.00000000
0.00000000
0.00000000
0.00000000
0.00000000
0.00000000
0.00000000
0.00000000
0.00000000
0.00000000
0.00000000
0.00000000
0.00000000
0.00000000
0.00000000
0.00000000
0.00000000
0.00000000
0.00000000
0.00000000
0.00000000
0.00000000
0.00000000
0.00000000
0.00000000
0.00000000
0.00000000
0.00000000
0.00000000
0.00000000
0.00000000
0.00000000
0.00000000
0.00000000
0.00000000
0.00000000
0.00000000
0.00000000
0.00000000
0.00000000
0.00000000
0.00000000
0.00000000
0.00000000
0.00000000
0.00000000
0.00000000
0.00000000
0.00000000
0.00000000
0.00000000
0.00000000
0.00000000
0.00000000
0.00000000
0.00000000
0.00000000
0.00000000
0.00000000
0.00000000
0.00000000
0.00000000
0.00000000
0.00000000
0.00000000
0.00000000
0.00000000
0.00000000
0.00000000
0.00000000
0.00000000
0.00000000
0.00000000
0.00000000
0.00000000
0.00000000
0.00000000
0.00000000
0.00000000
0.00000000
0.00000000
0.00000000
0.00000000
0.00000000
0.00000000
0.00000000
0.00000000
0.00000000
0.00000000
0.00000000
0.00000000
0.00000000
0.00000000
0.00000000
0.00000000
0.00000000
0.00000000
0.00000000
0.00000000
0.00000000
0.00000000
0.00000000
0.00000000
0.00000000
0.00000000
0.00000000
0.00000000
0.00000000
0.00000000
0.00000000
0.00000000
0.00000000
0.00000000
0.00000000
0.00000000
0.00000000
0.00000000
0.00000000
0.00000000
0.00000000
0.00000000
0.00000000
0.00000000
0.00000000
0.00000000
0.00000000
0.00000000
0.00000000
0.00000000
0.00000000
0.00000000
0.00000000
0.00000000
0.00000000
0.00000000
0.00000000
0.00000000
0.00000000
0.00000000
0.00000000
0.00000000
0.00000000
0.00000000
0.00000000
0.00000000
0.00000000
0.00000000
0.00000000
0.00000000
0.00000000
0.00000000
0.00000000
0.00000000
0.00000000
0.00000000
0.00000000
0.00000000
0.00000000
0.00000000
0.00000000
0.00000000
0.00000000
0.00000000
0.00000000
0.00000000
0.00000000
0.00000000
0.00000000
0.00000000
0.00000000
0.00000000
0.00000000
0.00000000
0.00000000
0.00000000
0.00000000
0.00000000
0.00000000
0.00000000
0.00000000
0.00000000
0.00000000
0.00000000
0.00000000
0.00000000
0.00000000
0.00000000
0.00000000
0.00000000
0.00000000
0.00000000
0.00000000
0.00000000
0.00000000
0.00000000
0.00000000
0.00000000
0.00000000
0.00000000
0.00000000
0.00000000
0.00000000
0.00000000
0.00000000
0.00000000
0.00000000
0.00000000
0.00000000
0.00000000
0.00000000
0.00000000
0.00000000
0.00000000
0.00000000
0.00000000
0.00000000
0.00000000
0.00000000
0.00000000
0.00000000
0.00000000
0.00000000
0.00000000
0.00000000
0.00000000
0.00000000
0.00000000
0.00000000
0.00000000
0.00000000
0.00000000
0.00000000
0.00000000
0.00000000
0.00000000
0.00000000
0.00000000
0.00000000
0.00000000
0.00000000
0.00000000
0.00000000
0.00000000
0.00000000
0.00000000
0.00000000
0.00000000
0.00000000
0.00000000
0.00000000
0.00000000
0.00000000
0.00000000
0.00000000
0.00000000
0.00000000
0.00000000
0.00000000
0.00000000
0.00000000
0.00000000
0.00000000
0.00000000
0.00000000
0.00000000
0.00000000
0.00000000
0.00000000
0.00000000
0.00000000
0.00000000
0.00000000
0.00000000
0.00000000
0.00000000
0.00000000
0.00000000
0.00000000
0.00000000
0.00000000
0.00000000
0.00000000
0.00000000
0.00000000
0.00000000
0.00000000
0.00000000
0.00000000
0.00000000
0.00000000
0.00000000
0.00000000
0.00000000
0.00000000
0.00000000
0.00000000
0.00000000
0.00000000
0.00000000
0.00000000
0.00000000
0.00000000
0.00000000
0.00000000
0.00000000
0.00000000
0.00000000
0.00000000
0.00000000
0.00000000
0.00000000
0.00000000
0.00000000
0.00000000
0.00000000
0.00000000
0.00000000
0.00000000
0.00000000
0.00000000
0.00000000
0.00000000
0.00000000
0.00000000
0.00000000
0.00000000
0.00000000
0.00000000
0.00000000
0.00000000
0.00000000
0.00000000
0.00000000
0.00000000
0.00000000
0.00000000
0.00000000
0.00000000
0.00000000
0.00000000
0.00000000
0.00000000
0.00000000
0.00000000
0.00000000
0.00000000
0.00000000
0.00000000
0.00000000
0.00000000
0.00000000
0.00000000
0.00000000
0.00000000
0.00000000
0.00000000
0.00000000
0.00000000
0.00000000
0.00000000
0.00000000
0.00000000
0.00000000
0.00000000
0.00000000
0.00000000
0.00000000
0.00000000
0.00000000
0.00000000
0.00000000
0.00000000
0.00000000
0.00000000
0.00000000
0.00000000
0.00000000
0.00000000
0.00000000
0.00000000
0.00000000
0.00000000
0.00000000
0.00000000
0.00000000
0.00000000
0.00000000
0.00000000
0.00000000
0.00000000
0.00000000
0.00000000
0.00000000
0.00000000
0.00000000
0.00000000
0.00000000
0.00000000
0.00000000
0.00000000
0.00000000
0.00000000
0.00000000
0.00000000
0.00000000
0.00000000
0.00000000
0.00000000
0.00000000
0.00000000
0.00000000
0.00000000
0.00000000
0.00000000
0.00000000
0.00000000
0.00000000
0.00000000
0.00000000
0.00000000
