0.00000000
0.00000002
0.00000015
0.00000063
0.00000187
0.00000446
0.00000905
0.00001666
0.00002707
0.00005022
0.00009867
0.00020854
0.00055401
0.00073885
0.00033904
0.00012522
0.00005360
0.00002820
0.00001643
0.00001110
0.00000787
0.00000492
0.00000360
0.00000264
0.00000193
0.00000150
0.00000117
0.00000090
0.00000068
0.00000058
0.00000048
0.00000036
0.00000029
0.00000023
0.00000019
0.00000015
0.00000012
0.00000010
0.00000008
0.00000006
0.00000005
0.00000004
0.00000003
0.00000002
0.00000002
0.00000002
0.00000001
0.00000001
0.00000001
0.00000001
0.00000000
0.00000000
0.00000000
0.00000000
0.00000000
0.00000000
0.00000000
0.00000000
0.00000000
0.00000000
0.00000000
0.00000000
0.00000000
0.00000000
0.00000000
