0.00005630
0.00004899
0.00004642
0.00004763
0.00004671
0.00004681
0.00004658
0.00004687
0.00004484
0.00004614
0.00004999
0.00004632
0.00004697
0.00004705
0.00004641
0.00004771
0.00004771
0.00004728
0.00004651
0.00005016
0.00005108
0.00004610
0.00004706
0.00004621
0.00004547
0.00004619
0.00004668
0.00004581
0.00004427
0.00004807
0.00004893
0.00004654
0.00004685
0.00004587
0.00004657
0.00004649
0.00004605
0.00004618
0.00004555
0.00004683
0.00004616
0.00004572
0.00004656
0.00004523
0.00004636
0.00004663
0.00004640
0.00004554
0.00004557
0.00004773
0.00004655
0.00004534
0.00004571
0.00004515
0.00004494
0.00004459
0.00004518
0.00004513
0.00004494
0.00004621
0.00004572
0.00004552
0.00004582
0.00004632
0.00004737
