0.00000001
0.00000006
0.00000005
0.00000003
0.00000002
0.00000002
0.00000001
0.00000001
0.00000001
0.00000001
0.00000001
0.00000001
0.00000001
0.00000002
0.00000002
0.00000002
0.00000003
0.00000004
0.00000006
0.00000008
0.00000009
0.00000011
0.00000011
0.00000015
0.00000015
0.00000023
0.00000025
0.00000025
0.00000035
0.00000032
0.00000047
0.00000044
0.00000053
0.00000055
0.00000064
0.00000080
0.00000070
0.00000102
0.00000109
0.00000226
0.00000216
0.00000170
0.00000219
0.00000241
0.00000384
0.00000416
0.00000614
0.00000736
0.00001034
0.00001399
0.00001612
0.00002309
0.00001720
0.00001583
0.00001085
0.00000644
0.00000538
0.00000390
0.00000379
0.00000257
0.00000234
0.00000152
0.00000119
0.00000103
0.00000093
0.00000097
0.00000063
0.00000059
0.00000044
0.00000045
0.00000043
0.00000032
0.00000032
0.00000023
0.00000025
0.00000019
0.00000020
0.00000019
0.00000020
0.00000025
0.00000011
0.00000011
0.00000010
0.00000011
0.00000009
0.00000008
0.00000008
0.00000007
0.00000007
0.00000006
0.00000007
0.00000006
0.00000005
0.00000005
0.00000004
0.00000005
0.00000004
0.00000004
0.00000004
0.00000003
0.00000004
0.00000003
0.00000003
0.00000002
0.00000003
0.00000003
0.00000003
0.00000002
0.00000002
0.00000002
0.00000002
0.00000002
0.00000002
0.00000001
0.00000001
0.00000001
0.00000001
0.00000001
0.00000001
0.00000001
0.00000001
0.00000001
0.00000001
0.00000001
0.00000001
0.00000001
0.00000001
0.00000001
0.00000001
0.00000001
0.00000001
0.00000001
0.00000001
0.00000001
0.00000001
0.00000001
0.00000001
0.00000001
0.00000000
0.00000001
0.00000000
0.00000000
0.00000000
0.00000000
0.00000001
0.00000000
0.00000001
0.00000000
0.00000000
0.00000000
0.00000000
0.00000000
0.00000000
0.00000000
0.00000000
0.00000000
0.00000000
0.00000000
0.00000000
0.00000000
0.00000000
0.00000000
0.00000000
0.00000000
0.00000000
0.00000000
0.00000000
0.00000000
0.00000000
0.00000000
0.00000000
0.00000000
0.00000000
0.00000000
0.00000000
0.00000000
0.00000000
0.00000000
0.00000000
0.00000000
0.00000000
0.00000000
0.00000000
0.00000000
0.00000000
0.00000000
0.00000000
0.00000000
0.00000000
0.00000000
0.00000000
0.00000000
0.00000000
0.00000000
0.00000000
0.00000000
0.00000000
0.00000000
0.00000000
0.00000000
0.00000000
0.00000000
0.00000000
0.00000000
0.00000000
0.00000000
0.00000000
0.00000000
0.00000000
0.00000000
0.00000000
0.00000000
0.00000000
0.00000000
0.00000000
0.00000000
0.00000000
0.00000000
0.00000000
0.00000000
0.00000000
0.00000000
0.00000000
0.00000000
0.00000000
0.00000000
0.00000000
0.00000000
0.00000000
0.00000000
0.00000000
0.00000000
0.00000000
0.00000000
0.00000000
0.00000000
0.00000000
0.00000000
0.00000000
0.00000000
0.00000000
0.00000000
0.00000000
0.00000000
0.00000000
0.00000000
0.00000000
0.00000000
0.00000000
0.00000000
0.00000000
0.00000000
0.00000000
0.00000000
0.00000000
0.00000000
0.00000000
