0.00001634
0.00000698
0.00000358
0.00000336
0.00000238
0.00000189
0.00000132
0.00000113
0.00000107
0.00000098
0.00000072
0.00000071
0.00000047
0.00000049
0.00000055
0.00000050
0.00000040
0.00000040
0.00000040
0.00000047
0.00000051
0.00000048
0.00000053
0.00000069
0.00000072
0.00000076
0.00000081
0.00000098
0.00000122
0.00000139
0.00000150
0.00000141
0.00000155
0.00000205
0.00000203
0.00000238
0.00000316
0.00000349
0.00000418
0.00000417
0.00000492
0.00000570
0.00000528
0.00000532
0.00000527
0.00000679
0.00000831
0.00000678
0.00000758
0.00000996
0.00001266
0.00001240
0.00001175
0.00001287
0.00001194
0.00001546
0.00001999
0.00001548
0.00001778
0.00002143
0.00002359
0.00002447
0.00002222
0.00002337
0.00002706
0.00002667
0.00002955
0.00002530
0.00003610
0.00004061
0.00004139
0.00003786
0.00003466
0.00004832
0.00005008
0.00005365
0.00006038
0.00004999
0.00011133
0.00017902
0.00009022
0.00007942
0.00008901
0.00010496
0.00012000
0.00010352
0.00013255
0.00014048
0.00018884
0.00022459
0.00021251
0.00023840
0.00030908
0.00033580
0.00038560
0.00037600
0.00057063
0.00058855
0.00071663
0.00082741
0.00078089
0.00094365
0.00125183
0.00094652
0.00088330
0.00075580
0.00080221
0.00069018
0.00055137
0.00047882
0.00030473
0.00029474
0.00028837
0.00021676
0.00020178
0.00019273
0.00017959
0.00016338
0.00013219
0.00013858
0.00011951
0.00009949
0.00007876
0.00005958
0.00006681
0.00006318
0.00004968
0.00004627
0.00005120
0.00005600
0.00004485
0.00003840
0.00003662
0.00002716
0.00003142
0.00003027
0.00002159
0.00002227
0.00002308
0.00002515
0.00002174
0.00001713
0.00001775
0.00001561
0.00001632
0.00001449
0.00001111
0.00001235
0.00001293
0.00001174
0.00001057
0.00000963
0.00001163
0.00000894
0.00001058
0.00000872
0.00000737
0.00001418
0.00001605
0.00000723
0.00000582
0.00000484
0.00000661
0.00000563
0.00000498
0.00000535
0.00000473
0.00000551
0.00000540
0.00000406
0.00000412
0.00000404
0.00000413
0.00000354
0.00000370
0.00000417
0.00000343
0.00000371
0.00000310
0.00000289
0.00000363
0.00000362
0.00000300
0.00000255
0.00000227
0.00000276
0.00000218
0.00000233
0.00000248
0.00000193
0.00000243
0.00000207
0.00000189
0.00000204
0.00000214
0.00000200
0.00000181
0.00000170
0.00000174
0.00000191
0.00000184
0.00000169
0.00000164
0.00000167
0.00000146
0.00000125
0.00000115
0.00000150
0.00000157
0.00000152
0.00000145
0.00000153
0.00000122
0.00000136
0.00000130
0.00000102
0.00000099
0.00000112
0.00000123
0.00000084
0.00000091
0.00000085
0.00000075
0.00000088
0.00000080
0.00000068
0.00000074
0.00000081
0.00000081
0.00000055
0.00000063
0.00000067
0.00000058
0.00000070
0.00000059
0.00000049
0.00000087
0.00000084
0.00000063
0.00000046
0.00000045
0.00000055
0.00000041
0.00000040
0.00000043
0.00000041
0.00000048
0.00000049
0.00000045
0.00000043
0.00000044
0.00000039
0.00000031
0.00000034
0.00000038
0.00000033
0.00000045
0.00000037
0.00000039
0.00000043
0.00000042
0.00000037
0.00000034
0.00000043
0.00000035
0.00000026
0.00000031
0.00000031
0.00000031
0.00000031
0.00000028
0.00000030
0.00000032
0.00000034
0.00000029
0.00000024
0.00000028
0.00000029
0.00000025
0.00000027
0.00000023
0.00000019
0.00000024
0.00000026
0.00000021
0.00000020
0.00000023
0.00000024
0.00000025
0.00000027
0.00000023
0.00000029
0.00000030
0.00000026
0.00000024
0.00000020
0.00000024
0.00000021
0.00000026
0.00000023
0.00000020
0.00000019
0.00000019
0.00000019
0.00000017
0.00000017
0.00000020
0.00000018
0.00000013
0.00000014
0.00000017
0.00000013
0.00000013
0.00000016
0.00000018
0.00000020
0.00000016
0.00000016
0.00000017
0.00000018
0.00000019
0.00000013
0.00000016
0.00000017
0.00000016
0.00000016
0.00000016
0.00000016
0.00000017
0.00000018
0.00000017
0.00000012
0.00000012
0.00000012
0.00000014
0.00000015
0.00000012
0.00000012
0.00000013
0.00000013
0.00000013
0.00000012
0.00000011
0.00000012
0.00000010
0.00000010
0.00000011
0.00000013
0.00000011
0.00000008
0.00000009
0.00000012
0.00000013
0.00000012
0.00000013
0.00000012
0.00000013
0.00000013
0.00000013
0.00000011
0.00000010
0.00000009
0.00000009
0.00000009
0.00000009
0.00000010
0.00000010
0.00000008
0.00000007
0.00000009
0.00000010
0.00000011
0.00000010
0.00000012
0.00000010
0.00000012
0.00000011
0.00000010
0.00000009
0.00000011
0.00000009
0.00000008
0.00000011
0.00000012
0.00000007
0.00000008
0.00000011
0.00000011
0.00000010
0.00000008
0.00000011
0.00000011
0.00000010
0.00000012
0.00000013
0.00000013
0.00000013
0.00000016
0.00000014
0.00000013
0.00000014
0.00000014
0.00000013
0.00000013
0.00000012
0.00000009
0.00000011
0.00000012
0.00000012
0.00000013
0.00000013
0.00000012
0.00000011
0.00000012
0.00000011
0.00000011
0.00000012
0.00000012
0.00000011
0.00000013
0.00000011
0.00000011
0.00000010
0.00000014
0.00000014
0.00000013
0.00000010
0.00000011
0.00000011
0.00000011
0.00000010
0.00000008
0.00000006
0.00000006
0.00000008
0.00000009
0.00000009
0.00000009
0.00000008
0.00000009
0.00000010
0.00000009
0.00000009
0.00000009
0.00000011
0.00000011
0.00000011
0.00000009
0.00000010
0.00000011
0.00000010
0.00000010
0.00000010
0.00000009
0.00000009
0.00000009
0.00000008
0.00000009
0.00000010
0.00000009
0.00000007
0.00000010
0.00000010
0.00000011
0.00000012
0.00000009
0.00000010
0.00000011
0.00000010
0.00000011
0.00000009
0.00000010
0.00000012
0.00000011
0.00000011
0.00000011
0.00000008
0.00000011
0.00000011
0.00000011
0.00000010
0.00000011
0.00000010
0.00000012
0.00000009
0.00000010
0.00000011
0.00000013
0.00000013
0.00000013
0.00000012
0.00000012
0.00000016
0.00000013
0.00000016
0.00000018
0.00000015
0.00000015
0.00000015
0.00000012
0.00000012
0.00000014
0.00000014
0.00000011
0.00000011
0.00000010
0.00000012
0.00000011
0.00000009
0.00000011
0.00000012
0.00000011
0.00000010
