0.00000000
0.00000000
0.00000000
0.00000000
0.00000001
0.00000001
0.00000003
0.00000006
0.00000008
0.00000016
0.00000020
0.00000035
0.00000053
0.00000067
0.00000100
0.00000101
0.00000147
0.00000176
0.00000269
0.00000345
0.00000393
0.00000502
0.00000480
0.00000678
0.00000681
0.00001069
0.00001158
0.00001185
0.00001643
0.00001526
0.00002220
0.00002059
0.00002471
0.00002590
0.00003060
0.00003787
0.00003333
0.00004781
0.00005163
0.00010732
0.00010318
0.00008134
0.00010466
0.00011555
0.00018418
0.00019885
0.00029381
0.00035205
0.00049555
0.00067035
0.00077266
0.00110789
0.00082360
0.00075769
0.00052052
0.00031016
0.00025819
0.00018718
0.00018163
0.00012422
0.00011323
0.00007304
0.00005626
0.00004957
0.00004500
0.00004617
0.00003028
0.00002883
0.00002135
0.00002138
0.00002026
0.00001524
0.00001534
0.00001095
0.00001188
0.00000896
0.00000931
0.00000888
0.00000924
0.00001177
0.00000537
0.00000531
0.00000461
0.00000504
0.00000447
0.00000364
0.00000378
0.00000308
0.00000339
0.00000281
0.00000317
0.00000275
0.00000215
0.00000209
0.00000168
0.00000195
0.00000158
0.00000172
0.00000146
0.00000145
0.00000139
0.00000104
0.00000124
0.00000100
0.00000123
0.00000095
0.00000085
0.00000091
0.00000074
0.00000090
0.00000063
0.00000069
0.00000053
0.00000054
0.00000052
0.00000045
0.00000055
0.00000049
0.00000068
0.00000046
0.00000035
0.00000037
0.00000034
0.00000038
0.00000030
0.00000033
0.00000025
0.00000027
0.00000025
0.00000025
0.00000029
0.00000019
0.00000020
0.00000016
0.00000018
0.00000018
0.00000017
0.00000018
0.00000014
0.00000015
0.00000011
0.00000013
0.00000012
0.00000012
0.00000011
0.00000008
0.00000010
0.00000009
0.00000010
0.00000009
0.00000007
0.00000007
0.00000006
0.00000007
0.00000005
0.00000007
0.00000006
0.00000006
0.00000006
0.00000004
0.00000005
0.00000004
0.00000004
0.00000003
0.00000004
0.00000003
0.00000003
0.00000003
0.00000003
0.00000003
0.00000002
0.00000002
0.00000002
0.00000002
0.00000002
0.00000002
0.00000002
0.00000002
0.00000002
0.00000001
0.00000001
0.00000001
0.00000001
0.00000001
0.00000001
0.00000001
0.00000001
0.00000001
0.00000001
0.00000001
0.00000001
0.00000001
0.00000001
0.00000001
0.00000001
0.00000001
0.00000000
0.00000001
0.00000000
0.00000000
0.00000000
0.00000000
0.00000000
0.00000000
0.00000000
0.00000000
0.00000000
0.00000000
0.00000000
0.00000000
0.00000000
0.00000000
0.00000000
0.00000000
0.00000000
0.00000000
0.00000000
0.00000000
0.00000000
0.00000000
0.00000000
0.00000000
0.00000000
0.00000000
0.00000000
0.00000000
0.00000000
0.00000000
0.00000000
0.00000000
0.00000000
0.00000000
0.00000000
0.00000000
0.00000000
0.00000000
0.00000000
0.00000000
0.00000000
0.00000000
0.00000000
0.00000000
0.00000000
0.00000000
0.00000000
0.00000000
0.00000000
0.00000000
0.00000000
0.00000000
0.00000000
0.00000000
0.00000000
0.00000000
0.00000000
0.00000000
0.00000000
