644363761701452389804125171690242048.00000000
284000805890470978948090891593580544.00000000
189322052126673090853308219684552704.00000000
185433393612437279998469164528304128.00000000
188783960483866094040249954983739392.00000000
192090394671210363206029239587438592.00000000
180726897976655455074961080679661568.00000000
166581305885805288139276793153585152.00000000
197604873351716729272758159217262592.00000000
203968747986941192415717959401472000.00000000
229514593915566927110502328618188800.00000000
195593107620238302740715593585917952.00000000
173537166143853930936481186775564288.00000000
210045287665300122176960421215338496.00000000
197529284268308786086270164982038528.00000000
189362971508433242371173471433523200.00000000
170361025342341379126325182914887680.00000000
191115228785751066562306312572502016.00000000
209214497887551505123668832557203456.00000000
199355420391768353196378480573415424.00000000
211309099812209465943634811593687040.00000000
171359249416810469735850608905158656.00000000
195654087186195005279348924230926336.00000000
265448051071340109994012809273278464.00000000
204824739436786224044770782399692800.00000000
204379056261091000624726345882009600.00000000
199230328656482005321527708218294272.00000000
201676046882497727559848888457232384.00000000
215129314170542395929842611172409344.00000000
211313779626176789308827751363379200.00000000
210765170969211796561599956317634560.00000000
163593109568937019184659982077394944.00000000
169737258622737428275868854619471872.00000000
210266027274451274053638310456197120.00000000
173021616324457979498808246857105408.00000000
179876758111995440977349526245343232.00000000
205955291755427799166446621138354176.00000000
208739317025297617677647138936324096.00000000
231648845902734917396488145162207232.00000000
205718024745494816100412100802772992.00000000
211836409294480738232013074481545216.00000000
220806551030160305210091644083240960.00000000
197229304180633331459603338553720832.00000000
186430531172678586444761242370310144.00000000
161640591547400825616635365720850432.00000000
187372450570681022798294194405244928.00000000
218350742992304488860970865286709248.00000000
161040065685668441970946837051342848.00000000
174366299194909811155959517066297344.00000000
204238544562759463849839566474182656.00000000
233210250897580667393492397972258816.00000000
219465611624188991612072392543698944.00000000
191330150227966748350150037664169984.00000000
191796326393991685444969193373958144.00000000
169026411909634439981090862341816320.00000000
199797511458650077564288930995503104.00000000
248809422452329603132874462613995520.00000000
180375316633245689521696479878578176.00000000
191034512784440222459451818553376768.00000000
212749508554045444454343362408873984.00000000
216410140194951534713561285690130432.00000000
210848167709084094765023806376378368.00000000
183788247169625879591660648442888192.00000000
174459081835118683211954323208536064.00000000
190868463975337317833543282084282368.00000000
176001770976363659044404891844870144.00000000
185084179922130067438356581706629120.00000000
149571194666461267511315388883271680.00000000
198254272598253005153199338664493056.00000000
209522316833062372940933245089873920.00000000
197382278809602300301832258834137088.00000000
172230688513855658513075369794338816.00000000
146768909850954609130705023781568512.00000000
184962739077876750510261176509661184.00000000
183197781264453125349190450131501056.00000000
183794555092894398440637604112105472.00000000
192794336358759088379965162121068544.00000000
148887925748932544915359980125683712.00000000
293429967841313169350834110649597952.00000000
454252918922089406866174066171052032.00000000
214263043584800771175403170830483456.00000000
171421239720599810818857409873707008.00000000
175537068942997039758285045317500928.00000000
187065192760895944290845930534469632.00000000
198141915785789203642425497004015616.00000000
156058366962825555818556326917701632.00000000
178195595191649042752385533576478720.00000000
172318740651681564193572094935564288.00000000
205456853220650425670015913746759680.00000000
220260708999380467154400351763824640.00000000
185897078328637976757729184106676224.00000000
180163650962521322647493097090449408.00000000
208631530904418135284958713285181440.00000000
200105785836653160390236833371389952.00000000
199071283602581354289513100155551744.00000000
166632868701138447262044021636202496.00000000
217732443190785798761153625705152512.00000000
195400986691985039254846638083014656.00000000
206758981260667976071054997204238336.00000000
214125074006104469543400163407560704.00000000
177635432925258786216445051712569344.00000000
201007799094267616233528277082308608.00000000
253265076754766326234885170286034944.00000000
193918344701566216574600221609164800.00000000
190461320748479578096341883899871232.00000000
179436182848866435959790063331573760.00000000
216119631996432045876470788850188288.00000000
210471524621038908566378372688510976.00000000
197995468004835727602906425473368064.00000000
203397169347399105207910402021654528.00000000
151354590972868420867992867609509888.00000000
176397226383685426193837478236913664.00000000
196128376690065922024632362909827072.00000000
172360449499268331589901645344931840.00000000
188520450024281380624397952847183872.00000000
205553808018509443439758170434568192.00000000
219335707283758901727762164706443264.00000000
222227150759466448430465196587220992.00000000
207386395081567818179096419571335168.00000000
244571803084930792011979548910419968.00000000
234783202760255412981616094352506880.00000000
218228765169863953087579566358134784.00000000
187972898471998711619083415823843328.00000000
160272998613706400618956891908734976.00000000
195743437105173271463967714231451648.00000000
202310034903767911848472241472798720.00000000
176533559867534718361726148725964800.00000000
180839590934927085496558969321160704.00000000
218758426369553347492361382395904000.00000000
256017381242399379941325763805970432.00000000
219217929329197768197001961275392000.00000000
206286034454607065294159998542151680.00000000
212632972655295020899173039630974976.00000000
171857591583657459476379282773639168.00000000
217119588663623629960719580708995072.00000000
218577840322212829276450357061353472.00000000
167037839529403477584482498621997056.00000000
186070843016498975133933842991153152.00000000
202879360493217985281758153259614208.00000000
233463261570596144617974268885467136.00000000
213779164490142921187236847674195968.00000000
179856419085784483236719593053487104.00000000
200817027199346362193528320969146368.00000000
191153010938069625648833391214198784.00000000
209529259866638244735454471729971200.00000000
193646594295884181127526751169150976.00000000
160655618273205972677344666432045056.00000000
190433033971735114385318453144715264.00000000
208043590862584357716434183803371520.00000000
201395318768887173700811306542563328.00000000
184563398039521149286472800509362176.00000000
174147781272861275931354431867584512.00000000
226198689888338475946656645548867584.00000000
182107219023873250181187772369338368.00000000
226810881426017020916399821648035840.00000000
198777579713046916556117934656716800.00000000
176744671588968111988217741093896192.00000000
359097295530747221911798162116313088.00000000
420039796696675808028334100385366016.00000000
206005414276383000954985943547248640.00000000
168518187581962003962908290651783168.00000000
148499825709968930193654091626840064.00000000
208038386926167494067321959148945408.00000000
182569513696864657808108340983627776.00000000
167728360390271065903862975263932416.00000000
196947208510121391827414381957742592.00000000
183652413164961358417424902728450048.00000000
214896849569190040951076107881283584.00000000
221494109008566667923822225334992896.00000000
178441546058140453695408847259172864.00000000
183258514644362600087599008551272448.00000000
188564088407772659381328967863631872.00000000
200857456601382693242353310165368832.00000000
176390434157716612746214758934380544.00000000
184817171217145360868509074432458752.00000000
216610274711910530258368650182393856.00000000
190838404112631780103472394377625600.00000000
221185362481999939931353811670532096.00000000
204390009346726215740637439743492096.00000000
196065360205621095421401323628658688.00000000
231657666154470105516618109482434560.00000000
249142777601335442421175067405713408.00000000
212045489107459577038229121041170432.00000000
168925931217803861192521420554371072.00000000
168581893317917669049624070249775104.00000000
208601789810837112125752034751152128.00000000
174823650140757422027461702627360768.00000000
178695697954379163801465251818373120.00000000
202532414385301429543438820722081792.00000000
164024787412066481660130721424998400.00000000
210390824358535265782005758422941696.00000000
186820820622645075482098219473698816.00000000
177247380706086697224388025184681984.00000000
188040775349392133290866336346406912.00000000
190746606593593465635424995224059904.00000000
202974515347469136787792705848606720.00000000
187666567740899461366171573025767424.00000000
182187243885484418005759281554522112.00000000
223964467227582622939895555646554112.00000000
213550963236436995868836255512920064.00000000
204359762747434921255082369440808960.00000000
170701359277564750331124658319917056.00000000
167298883095672059262907217046667264.00000000
209554922824949695637021234292588544.00000000
207551604848686187247926041081020416.00000000
179780617451931015942006285480755200.00000000
168402526604355360612141845270495232.00000000
222559254501452719013877381968429056.00000000
242622851291432618442013799744536576.00000000
199148886582152698857273219375693824.00000000
192355173142573920738289262998323200.00000000
186440838342100006699528850818203648.00000000
168244311003629497443221316061626368.00000000
226423020003617461695036652838191104.00000000
218514168586896136800590977510146048.00000000
189411078864316461968164209029021696.00000000
181817786264305047515861784998182912.00000000
200692462309952243553192754966167552.00000000
245670706305760898976330762183245824.00000000
180729223058928534271713499584397312.00000000
182249284765778244679192307612778496.00000000
182411835904926525873735558385106944.00000000
187818541169654902216264167876198400.00000000
189195614932011379567446420350828544.00000000
168276810674017190842827412904869888.00000000
151160563901254715415635533259341824.00000000
192022348873528707700629659738701824.00000000
196630336923925678653828333763035136.00000000
198400138319292698426997294787198976.00000000
146359576029001090101550792124137472.00000000
184293077880529069381095387566178304.00000000
210539980590343796034698440809119744.00000000
188109505249470724287050906702184448.00000000
215483765461617389576455066310672384.00000000
193805812900473343176812410091601920.00000000
170659044114240491836113708503793664.00000000
362142978457330353156957754401751040.00000000
309160436737408636315024373726576640.00000000
211126938276459139327716900208640000.00000000
154602978103656989002893636533223424.00000000
166672821570778080030312112274276352.00000000
217212674816060969165982654242226176.00000000
181467659923139433148414006011101184.00000000
173866716498466430127828410176634880.00000000
196520108255367686231119594916937728.00000000
186671026994340709265358924915146752.00000000
219851544761736614741617479639891968.00000000
211744964611616624581258400025804800.00000000
187577810765396051200669706189012992.00000000
196991219867862918553178772458176512.00000000
216625511544961960863686879644483584.00000000
198056290631760911760294224920051712.00000000
165128798650048282759829845048295424.00000000
192550295904549965768648092905635840.00000000
206465939434133388669520244532838400.00000000
175824001565639796223308576451461120.00000000
221773379017711579664761666523889664.00000000
193023669679477927205465458672140288.00000000
210622512261377093418433334919299072.00000000
226155715380675180391129772145508352.00000000
237709341764949554600342568826830848.00000000
218740098323665664422441432255561728.00000000
154309447951172467131400945137614848.00000000
183349963014551773081425478718324736.00000000
209095764670296712078890807731421184.00000000
163385291181923731360664761455869952.00000000
182114827241304515552884729151750144.00000000
191972038840527174241330618391592960.00000000
173027949880808321352125317107417088.00000000
211808927973679715434487520191053824.00000000
185205843651068964749606650392870912.00000000
202401288202214039771361700036476928.00000000
210138265584847601932235169326956544.00000000
217214681320893931106411915432165376.00000000
216342737164031324078138673481121792.00000000
184101099933160934192263538443026432.00000000
193016571880733585649914756783407104.00000000
220627242391138703194061768017051648.00000000
211321110560757762274039187093061632.00000000
198476721003423770954756602850181120.00000000
163403035045968734653030168637997056.00000000
186504022590846931149587910777372672.00000000
215290439349900303553543156334067712.00000000
217857244466051689325601439302549504.00000000
188592940259825278491834795547426816.00000000
159699198652826080989086881041874944.00000000
228103329723014926783980149141405696.00000000
224541996459332443670946945060306944.00000000
195369445177979543926347126605348864.00000000
183327278572758654627013770514268160.00000000
173014163359797047651301657711476736.00000000
180203698010759625734485431117938688.00000000
210532252465941138076053483986878464.00000000
199550834773650264286229632907214848.00000000
199272137359074884548402249331638272.00000000
184880124552935317094808182216196096.00000000
228942959887711733748238188237815808.00000000
238957768771575734973598948699144192.00000000
193773291998292148360138396572581888.00000000
194903433360381165977094950433587200.00000000
192037972572589268727462300640870400.00000000
194667627279813421917716289083670528.00000000
193923272971158437335490740023721984.00000000
167948100299369196081566090195369984.00000000
161962697564574010269176292481957888.00000000
178316334235403089630369089572569088.00000000
211440577277772085299369957753094144.00000000
191939436839847718321450197637398528.00000000
161552293270652888244744858904821760.00000000
213248997470329976594541179914158080.00000000
212690284685763794720339522293334016.00000000
199184198793313087276885261955366912.00000000
221012487403861737877434187135320064.00000000
173287860637202131800352840224866304.00000000
179560923777246496174398519824613376.00000000
254832635388801956383584997412438016.00000000
235917845843709894155600461803028480.00000000
188571296176639387492122590797889536.00000000
148482496723956138198939349110751232.00000000
180423054364136513747035746482520064.00000000
236637790468754588949203003696480256.00000000
177978438772415407795612094348394496.00000000
187236622148879544707406226863947776.00000000
180009751822249575170300133437865984.00000000
191846377864462692571080847158935552.00000000
193620908683591191253917129697656832.00000000
188934369231476512852546554769178624.00000000
175121643821368682366051978378739712.00000000
195080850809451894311520266413408256.00000000
206435587309471362158753358549090304.00000000
203135777025407471281671082596106240.00000000
170778926776911413358407659282235392.00000000
214214247887361613607904032034127872.00000000
200153541836335343512079759902244864.00000000
200500367090358626174665991198343168.00000000
211271080373945343563566109822025728.00000000
196827812869907831281923095286251520.00000000
219474879845375750346511145188196352.00000000
230271662805235744059908597005418496.00000000
233690578226375503041631232020447232.00000000
194230231993416778682583137176780800.00000000
139700130180401342496108531192692736.00000000
195545967109750455209326609067671552.00000000
191930938279070223484389638390415360.00000000
156592988991899390430249571110092800.00000000
168832426778392497257284440057446400.00000000
191274792897182279334670770548768768.00000000
205293077823430831907323695702474752.00000000
206130129175004962361398112007749632.00000000
186701730592388780014849804073959424.00000000
198877312145340973482160402762563584.00000000
191171470198565552737956330903437312.00000000
213534874732880198935776218797047808.00000000
202150435610294116967203532982714368.00000000
173932793289425265640108219361656832.00000000
195739943392924460559342394815807488.00000000
218306075620845437962573317303959552.00000000
222169266600876165709332972964937728.00000000
194166414247401586046221897233858560.00000000
167390704815958209130224474331807744.00000000
191180983287557613300913077227618304.00000000
210941379496659433863155046856785920.00000000
221551530708337106596355347035717632.00000000
189832074321824883966310385895604224.00000000
167422636874857365111455503104344064.00000000
239236213933373560295903535631958016.00000000
213877231368520165478275381305802752.00000000
201536509688587204685847965128982528.00000000
169212465337050844599792411829338112.00000000
179344643652835497447298776856264704.00000000
200279018358865535041660790811656192.00000000
203992773577278946756023204291018752.00000000
208994377514311291228601575033274368.00000000
188784520852623045708193874875252736.00000000
182640589129680939384621080598544384.00000000
226425323564054049356838563106258944.00000000
229833444750567501621268243548209152.00000000
176441732612525550698363161090719744.00000000
197576745058777962139337245878910976.00000000
186764906515775998435837241756483584.00000000
216474854761607301190797004158009344.00000000
175364207474103657952383976012251136.00000000
165771709288298990889253071950446592.00000000
158528335018282559235460438012461056.00000000
181575128895045664800587178521395200.00000000
196445475797289594859538934312992768.00000000
185531890707013197545926854552059904.00000000
174241230042134973907459464258125824.00000000
245902004146379930564844413530406912.00000000
211619820142492316457894264547835904.00000000
218553195084859297551568612177739776.00000000
198760438004113946788643074796945408.00000000
194594540001805574685274427883520000.00000000
198739777185258762756752403240845312.00000000
248626627349066581661219494492635136.00000000
230349826632136628663062324599324672.00000000
193817039414329533346614406729957376.00000000
153435002964072484563327498594549760.00000000
204603662819686782998693581298860032.00000000
225793713407993385729364840824176640.00000000
189257559217772029910989339887665152.00000000
192081665701119605957189657924993024.00000000
190089107663222146148758658870149120.00000000
208608475103237166698689320085094400.00000000
190256800800084137455026660509220864.00000000
181046324583033326236672413470294016.00000000
176905568517657832255355298412232704.00000000
180761823321939603417365715429097472.00000000
208333166925464159379005871891677184.00000000
178029058654099009350870442235133952.00000000
176785740392535737486175641075187712.00000000
206412618947934812166827942311100416.00000000
202837540753815603480321301451636736.00000000
203242638283263942708742775799545856.00000000
200792630164883425209491720589279232.00000000
206146671588827878577378343413350400.00000000
217283378671497142341887632947019776.00000000
213249384885050606676838537953804288.00000000
234090989818641081344242377721643008.00000000
172871446930970791305267383680106496.00000000
151351570550148705479545000407597056.00000000
203616959171990575465185556144586752.00000000
186834206083214159547300108558139392.00000000
160732394224243179172948603620556800.00000000
169138674370448082473500837565956096.00000000
200437143657351940828400072519581696.00000000
226662227349761187897422516867563520.00000000
199351027707284681702492207717548032.00000000
194806636755243277709694683079245824.00000000
190987363237550153430957537710047232.00000000
192465363850555994327686465248559104.00000000
210836544048822402666694794490675200.00000000
183933798632916929076106730586243072.00000000
155785562821022091160362651949727744.00000000
177819296218180259496831925547433984.00000000
202781100633691071880117472825704448.00000000
199332925543092843762676927821774848.00000000
174761217475133718901350655269535744.00000000
180435867838648294195036443820163072.00000000
196699074067838380400241524778991616.00000000
223405477070872839296009921420591104.00000000
217891995717054392642036855556014080.00000000
165070849340358442594855603002146816.00000000
154466683961829547072798023049281536.00000000
204258658045029295361646080835977216.00000000
194427279157987864533435077323915264.00000000
189640683182345522405731413811789824.00000000
149255610350420640343803067944140800.00000000
198741499416510005674471936604766208.00000000
204819512208894282358381230617001984.00000000
205769207669775353755815664458661888.00000000
219998074309873158462419580680667136.00000000
187272854178371484508674743810916352.00000000
191221839271779091357963800304156672.00000000
233960076024677937750246556361031680.00000000
208612227744226469269612831837257728.00000000
191134509407445005737219874952839168.00000000
185192828688335094504340009997303808.00000000
194770479705255772619259910215958528.00000000
195510373085008325340983636436975616.00000000
178117948519599263648609757621649408.00000000
160900163158185351204201804274335744.00000000
163581365019133887108850823838302208.00000000
190065530128189765672953069701169152.00000000
205206971176935906013254188909199360.00000000
173601341412833564213176713542107136.00000000
172228857763261154850276208115974144.00000000
226220266918976784108939488427769856.00000000
216731679613936697184140180150288384.00000000
196922245277077582503935117417775104.00000000
186674931454254099263068360237121536.00000000
197807612788606779244399155516276736.00000000
197541777863374794037597862105186304.00000000
191917163564883659103309208651563008.00000000
204055975468969452612477622664822784.00000000
166561124816533567475922903412768768.00000000
186381394052323745733195718065127424.00000000
213837588422934484458129780927102976.00000000
239242632978010268075314612677902336.00000000
191071414279314412916817068363350016.00000000
190798920709004665222107510171762688.00000000
181050505428477721990012451975856128.00000000
198457884968696093779783562519642112.00000000
167163637172192524392108919890116608.00000000
178058971624104788974440373666447360.00000000
176479404133603844857582649323028480.00000000
209942575069071738510613456401465344.00000000
207841390563195148544024497377771520.00000000
185517273910089511360687812380721152.00000000
180411017839149736452746321164500992.00000000
210414926444694209881871482527678464.00000000
203268569696197627722648667251802112.00000000
209233896937269717342253354024173568.00000000
185385003380313094281802791761477632.00000000
221520516350670626666231179237130240.00000000
206923202389335545198442971823865856.00000000
215137522544930834987349331998146560.00000000
217519559203804518409695887127216128.00000000
150019708576916581105503543310155776.00000000
172042798412816183263952527740108800.00000000
201175197828978292658967802302955520.00000000
193242268907038143812141755442135040.00000000
172883834438784367065222794469965824.00000000
171028100079352597968789093574770688.00000000
212180129595055714639653470285594624.00000000
232041023196070496681020822512467968.00000000
199641319644103585232154027093917696.00000000
201403857250214007391618681538609152.00000000
194534861333135811365758436124917760.00000000
212912612087941826015079639810048000.00000000
222282595679990515822983180269387776.00000000
194170159132465754541262043594358784.00000000
176788305402451687623483181097811968.00000000
