0.00025914
0.00009595
0.00004250
0.00004660
0.00004564
0.00004022
0.00004632
0.00004238
0.00003711
0.00005251
0.00005280
0.00005141
0.00004371
0.00003092
0.00003262
0.00004792
0.00005275
0.00004902
0.00004781
0.00006664
0.00004884
0.00005024
0.00005480
0.00003442
0.00003587
0.00005310
0.00005424
0.00004821
0.00005017
0.00005342
0.00004731
0.00004280
0.00003774
0.00003524
0.00004423
0.00005539
0.00005974
0.00004773
0.00005223
0.00004294
0.00005381
0.00004463
0.00003322
0.00003449
0.00004515
0.00006347
0.00007367
0.00005831
0.00004438
0.00004928
0.00004814
0.00005334
0.00004148
0.00003895
0.00005119
0.00006052
0.00005925
0.00006150
0.00004355
0.00003946
0.00005006
0.00004549
0.00003979
0.00003339
0.00004052
0.00005498
0.00006115
0.00004580
0.00003711
0.00003511
0.00004313
0.00004949
0.00005107
0.00005367
0.00004824
0.00006025
0.00006347
0.00004994
0.00004353
0.00004748
0.00004497
0.00005360
0.00006027
0.00005588
0.00004983
0.00005192
0.00004606
0.00004025
0.00003555
0.00003809
0.00004234
0.00005411
0.00006276
0.00004770
0.00003574
0.00004091
0.00004410
0.00004172
0.00004421
0.00004118
0.00006068
0.00006318
0.00006724
0.00005079
0.00004628
0.00004042
0.00004599
0.00004504
0.00003757
0.00003712
0.00004329
0.00007598
0.00006709
0.00004683
0.00003664
0.00004556
0.00003984
0.00005253
0.00004966
0.00004467
0.00005168
0.00006143
0.00006146
0.00004676
0.00004187
0.00003417
0.00004133
0.00004963
0.00005048
0.00004655
0.00004870
0.00004625
0.00005028
0.00003841
0.00003105
0.00003940
0.00005417
0.00004493
0.00005592
0.00005310
0.00005000
0.00005025
0.00004182
0.00003582
0.00002581
0.00003477
0.00004612
0.00005359
0.00004866
0.00004351
0.00004023
0.00005175
0.00004344
0.00003884
0.00003605
0.00003793
0.00004869
0.00013734
0.00014494
0.00005052
0.00004709
0.00004358
0.00003834
0.00004032
0.00004316
0.00003313
0.00004713
0.00005706
0.00005255
0.00004500
0.00003435
0.00002529
0.00004489
0.00005098
0.00004419
0.00004481
0.00005983
0.00005958
0.00004776
0.00005519
0.00004113
0.00003559
0.00004788
0.00005022
0.00004789
0.00005518
0.00005008
0.00005360
0.00004916
0.00004246
0.00002991
0.00004248
0.00005728
0.00005658
0.00005172
0.00004864
0.00004685
0.00005130
0.00005406
0.00003270
0.00004115
0.00004101
0.00004651
0.00006636
0.00007702
0.00004548
0.00004720
0.00004974
0.00004996
0.00003805
0.00003188
0.00004985
0.00005164
0.00006563
0.00005786
0.00005034
0.00003474
0.00004478
0.00004521
0.00004333
0.00003538
0.00002828
0.00004888
0.00006234
0.00004825
0.00003955
0.00003686
0.00003929
0.00004643
0.00005141
0.00005717
0.00004477
0.00005624
0.00006808
0.00005191
0.00004058
0.00004999
0.00004606
0.00005429
0.00006496
0.00005823
0.00005260
0.00006203
0.00005005
0.00004331
0.00003388
0.00003469
0.00004125
0.00004655
0.00005759
0.00004996
0.00004409
0.00004654
0.00004426
0.00003909
0.00004761
0.00004125
0.00005158
0.00007174
0.00006202
0.00005864
0.00004953
0.00004770
0.00004754
0.00005166
0.00004396
0.00003824
0.00003966
0.00005850
0.00006637
0.00005446
0.00003903
0.00003404
0.00003681
0.00004588
0.00005213
0.00004095
0.00004922
0.00005865
0.00007277
0.00005640
0.00003820
0.00003965
0.00004214
0.00005326
0.00004685
0.00004626
0.00005690
0.00005176
0.00004920
0.00005209
0.00003744
0.00003012
0.00004801
0.00004757
0.00004472
0.00005965
0.00004892
0.00005148
0.00005337
0.00004117
0.00003352
0.00003336
0.00005212
0.00005897
0.00005038
0.00004927
0.00004333
0.00005694
0.00005927
0.00003974
0.00003892
0.00004356
0.00004429
0.00007203
0.00017617
0.00008964
0.00004859
0.00004767
0.00004659
0.00003656
0.00003441
0.00003235
0.00003696
0.00005936
0.00006041
0.00004479
0.00003629
0.00003488
0.00003866
0.00005480
0.00004767
0.00004306
0.00005189
0.00006271
0.00005458
0.00005199
0.00004776
0.00003551
0.00004051
0.00004847
0.00004862
0.00004649
0.00004821
0.00005540
0.00005151
0.00003954
0.00003573
0.00003793
0.00005062
0.00005627
0.00004996
0.00004619
0.00005348
0.00005206
0.00005693
0.00003918
0.00003584
0.00004949
0.00004989
0.00005782
0.00007498
0.00006199
0.00005048
0.00005508
0.00004694
0.00004216
0.00002900
0.00003580
0.00004906
0.00005789
0.00005739
0.00004370
0.00004012
0.00003823
0.00004130
0.00004495
0.00004518
0.00003358
0.00004146
0.00006774
0.00005811
0.00004398
0.00003771
0.00003609
0.00004835
0.00004745
0.00004755
0.00004919
0.00004878
0.00005786
0.00005440
0.00004335
0.00003946
0.00003882
0.00004565
0.00005670
0.00005489
0.00005112
0.00005913
0.00005792
0.00004248
0.00003731
0.00003159
0.00003995
0.00004526
0.00005512
0.00005993
0.00005008
0.00004553
0.00004589
0.00004876
0.00003698
0.00003701
0.00004798
0.00006721
0.00006113
0.00005745
0.00005258
0.00004736
0.00004536
0.00004417
0.00004267
0.00003824
0.00003468
0.00004452
0.00006623
0.00006063
0.00005005
0.00004045
0.00004613
0.00004347
0.00004523
0.00004686
0.00004602
0.00005149
0.00007113
0.00006693
0.00003491
0.00003446
0.00004320
0.00004714
0.00004483
0.00004323
0.00004979
0.00005277
0.00004726
0.00004797
0.00003912
0.00003015
0.00003211
0.00004786
0.00004478
0.00004876
0.00004564
0.00005369
0.00005041
0.00003894
0.00002852
0.00003051
0.00004150
0.00005518
0.00005488
0.00004847
0.00004659
0.00005031
0.00006000
0.00004617
0.00004040
0.00003948
0.00003922
0.00004708
0.00010828
0.00012109
0.00005002
0.00005236
0.00004972
0.00004147
0.00003398
0.00003225
0.00003629
0.00004933
0.00006419
0.00005421
0.00004413
0.00003610
0.00003438
0.00004612
0.00005439
0.00003978
0.00004618
0.00006254
0.00005509
0.00005284
0.00005304
0.00004371
0.00003388
0.00005227
0.00004668
0.00004703
0.00005736
0.00005203
0.00005286
0.00004208
0.00003483
0.00003306
0.00004486
0.00005454
0.00004911
0.00004714
0.00004728
0.00004949
0.00005907
0.00004979
0.00002916
0.00003968
0.00005540
0.00005082
0.00005988
0.00006651
0.00005203
0.00006038
0.00005834
0.00004479
0.00002878
0.00002739
0.00004594
0.00005086
0.00005766
0.00004771
0.00003736
0.00003734
0.00004234
0.00003947
0.00004279
0.00004052
0.00003259
0.00005645
0.00006761
0.00004945
0.00004037
0.00004095
0.00004346
0.00005296
0.00004863
0.00005778
0.00005041
0.00005773
0.00006053
0.00004699
0.00003842
0.00004064
0.00004059
0.00004785
0.00005616
0.00004986
0.00005311
0.00006343
0.00004899
0.00003774
0.00003156
0.00003875
0.00004442
0.00004991
0.00005621
0.00005443
0.00005574
0.00005409
0.00004591
0.00003737
0.00003545
0.00003822
0.00005576
0.00006359
0.00005347
0.00005136
0.00004539
0.00005148
0.00004358
0.00003466
0.00003616
0.00003942
0.00004004
0.00005929
0.00005790
0.00004662
0.00004357
0.00004739
0.00004867
0.00004239
0.00004606
0.00004980
0.00005000
0.00006428
0.00007112
0.00005361
0.00003824
0.00004490
0.00004285
0.00005315
0.00004968
0.00004160
0.00005525
0.00005297
0.00004618
0.00004607
0.00003770
0.00003167
0.00003854
0.00004239
0.00004751
0.00004978
0.00005419
0.00005473
0.00004340
0.00004006
0.00003239
0.00003624
0.00005581
0.00005764
0.00005068
0.00005019
0.00005168
0.00006216
0.00005521
0.00003905
0.00003646
0.00004090
0.00004256
0.00005547
0.00008035
0.00005848
0.00004967
0.00005218
0.00004605
0.00003051
0.00003201
0.00003882
0.00004495
0.00005801
0.00006768
0.00005341
0.00003943
0.00003540
0.00004217
0.00005505
0.00004108
0.00004009
0.00005613
0.00005504
0.00005020
0.00004881
0.00004305
0.00003228
0.00004039
0.00004765
0.00004740
0.00005023
0.00005241
0.00005711
0.00005241
0.00004042
0.00003485
0.00004157
0.00005267
0.00005026
0.00004900
0.00005236
0.00004744
0.00005816
0.00005880
0.00003318
0.00003515
0.00005596
0.00005647
0.00005195
0.00006589
0.00005905
0.00005778
0.00006033
0.00004414
0.00003128
0.00002634
0.00003803
0.00004551
0.00005365
0.00005347
0.00003400
0.00004043
0.00004056
0.00003328
0.00003889
0.00004419
0.00004226
0.00004698
0.00007192
0.00005388
0.00004549
0.00004367
0.00004066
0.00004527
0.00005087
0.00004733
0.00004739
0.00005586
0.00006037
0.00004912
0.00004255
0.00004311
0.00003347
0.00004423
0.00005146
0.00005196
0.00005098
0.00005975
0.00006154
0.00004479
0.00003534
0.00003194
0.00004252
0.00004907
0.00005169
0.00005338
0.00005789
0.00005982
0.00004935
0.00004639
0.00003922
0.00003152
0.00004777
0.00006571
0.00005403
0.00004734
0.00005144
0.00004901
0.00005079
0.00003484
0.00003131
0.00003896
0.00004617
0.00004961
0.00005706
0.00005184
0.00004540
0.00004489
0.00004855
0.00004555
0.00004128
0.00004638
0.00005080
0.00005306
0.00006968
0.00006513
0.00003822
0.00003599
0.00004029
0.00004850
0.00004731
0.00004379
0.00005071
0.00006001
0.00004909
0.00004172
0.00003943
0.00003332
0.00003445
0.00003661
0.00004272
0.00004945
0.00004528
0.00005488
0.00004295
0.00004046
0.00003678
0.00003686
0.00004870
0.00006479
0.00005669
0.00005250
0.00005610
0.00005676
0.00005999
0.00004098
0.00003332
0.00004613
0.00004720
0.00004405
0.00006574
0.00006845
0.00004891
0.00005254
0.00005323
0.00004121
0.00003137
0.00003301
0.00004562
0.00005475
0.00006421
0.00005766
0.00005145
0.00004132
0.00004139
0.00004380
0.00004772
0.00003667
0.00005038
0.00006136
0.00004920
0.00005135
0.00004285
0.00003934
0.00003265
0.00004513
0.00004095
0.00004390
0.00005183
0.00005138
0.00005461
0.00004167
0.00003498
0.00003579
0.00004703
0.00004758
0.00004599
0.00005313
0.00005712
0.00005061
0.00005947
0.00004585
0.00003572
0.00004444
0.00005809
0.00004936
0.00005422
0.00005634
0.00005267
0.00006532
0.00005485
0.00003419
0.00002361
0.00003426
0.00004688
0.00004742
0.00005154
0.00004479
0.00003911
0.00004414
0.00003547
0.00003496
0.00003961
0.00004695
0.00004867
0.00006364
0.00006665
0.00004688
0.00004722
0.00004660
0.00003985
0.00004633
0.00004314
0.00004925
0.00005114
0.00005919
0.00005169
0.00004049
0.00004256
0.00003191
0.00003313
0.00004421
0.00004597
0.00004920
0.00005427
0.00005436
0.00004770
0.00004093
0.00003612
0.00003808
0.00004787
0.00005141
0.00004873
0.00006012
0.00006399
0.00005438
0.00004370
0.00003936
0.00003131
0.00003153
0.00005178
0.00005074
0.00004510
0.00004770
0.00004533
0.00005140
0.00003950
0.00002405
0.00003267
0.00005014
0.00005264
0.00005286
0.00005500
0.00004989
0.00004902
0.00005444
0.00005073
0.00003996
0.00004138
0.00005541
0.00005136
0.00006360
0.00006272
0.00004753
0.00004231
0.00004503
0.00004060
0.00004539
0.00004582
0.00004976
0.00005237
0.00005074
0.00004623
0.00004282
0.00003936
0.00003203
0.00003459
0.00003797
0.00004759
0.00004698
0.00005716
0.00005505
0.00003602
0.00004110
0.00003542
0.00003716
0.00005118
0.00005705
0.00005641
0.00005670
0.00005688
0.00005671
0.00004435
0.00003599
0.00004033
0.00004878
0.00004600
0.00004976
0.00005554
0.00004714
0.00004243
0.00005200
0.00004588
0.00002827
0.00003240
0.00005050
0.00005532
0.00005630
0.00006091
0.00006003
0.00005455
0.00004250
0.00004024
0.00004913
0.00003799
0.00004008
0.00005793
0.00004899
0.00004988
0.00004282
0.00003885
0.00003834
0.00003349
0.00004255
0.00004552
0.00005182
0.00005728
0.00005319
0.00005011
0.00004363
0.00003725
0.00003937
0.00004735
0.00004424
0.00005356
0.00005951
0.00004772
0.00005744
0.00005487
0.00003511
0.00004015
0.00005313
0.00005616
0.00004710
0.00005207
0.00005531
0.00005772
0.00005983
0.00003949
0.00002302
0.00002967
0.00004573
0.00004433
0.00005023
0.00004615
0.00003941
0.00005024
0.00004549
0.00003092
0.00003792
0.00004082
0.00004861
0.00005979
0.00006701
0.00005432
0.00005087
0.00004826
0.00004609
0.00003914
0.00004582
0.00004842
0.00005302
0.00005971
0.00005760
0.00004730
0.00004450
0.00004523
0.00003152
